N A a b tau e err_N err_A err_a err_b err_tau err_e
46506.0 0.0 0.9693562741176721 1.4336481002532727e-06 2.0879421610382803e-06 6.464191674794499e-06 465.06 0.1 0.010921299937404847 2.0250247627112395e-07 2.4697665335935827e-08
46506.0 0.0 0.9718142392478929 1.4034815995543096e-06 2.1103757692882024e-06 6.472783321535332e-06 465.06 0.1 0.011041875041858778 2.0364436095151518e-07 2.5010464185838403e-08
46506.0 0.0 0.9558937875293606 1.7117176794067958e-06 2.06004753006922e-06 6.476821125056585e-06 465.06 0.1 0.010492026967391299 1.9971708711079065e-07 2.414391141894502e-08
46506.0 0.0 0.9678139922284729 1.4486077030967156e-06 2.0720182639205513e-06 6.468560134555718e-06 465.06 0.1 0.01074712512046793 1.9965676693089574e-07 2.4303598876733464e-08
46506.0 0.0 0.9650725581797538 1.5140491028302978e-06 2.0732904215999365e-06 6.495973539050435e-06 465.06 0.1 0.011097466638742465 2.080312449211097e-07 2.567190958853214e-08
46506.0 0.0 0.9648437580580466 1.507824959497866e-06 2.063571880685442e-06 6.483019016782255e-06 465.06 0.1 0.010981220233248816 2.0578299502598733e-07 2.534835957755434e-08
46506.0 0.0 0.9822906600676647 1.1736518892192392e-06 2.1139807537550375e-06 6.4659039913066776e-06 465.06 0.1 0.0110483054999151 1.9841119748060762e-07 2.4887147728796816e-08
46506.0 0.0 0.9657987818799916 1.527535162527041e-06 2.0982276546679492e-06 6.474970866329485e-06 465.06 0.1 0.010725400014684151 1.994247034157184e-07 2.461991407988101e-08
46506.0 0.0 0.9922415339746338 9.90534917251121e-07 2.144363082654012e-06 6.548369220588153e-06 465.06 0.1 0.011604657475827182 2.0398776330743733e-07 2.6572108147181903e-08
46506.0 0.0 0.9526946547553351 1.7858976862714264e-06 2.0591185083319646e-06 6.477400288977904e-06 465.06 0.1 0.010531776925476168 2.025561165487389e-07 2.421550417839398e-08
46506.0 0.0 0.9811372010880638 1.2213730993349073e-06 2.1324723748666823e-06 6.455255604651061e-06 465.06 0.1 0.011154384127117644 2.0099340146862196e-07 2.5197095762332678e-08
46506.0 0.0 0.9744493401656245 1.3338852793806358e-06 2.1020307887971175e-06 6.502341727837225e-06 465.06 0.1 0.011190024347641334 2.0467380662472267e-07 2.5893965083567062e-08
46506.0 0.0 0.9669575728171964 1.4815012896206001e-06 2.0820500292424647e-06 6.446482921488519e-06 465.06 0.1 0.010800806368108542 2.01015145192362e-07 2.4541210699103985e-08
46506.0 0.0 0.975636913537662 1.3182782022652323e-06 2.1110865870190584e-06 6.458478084217875e-06 465.06 0.1 0.011011916260694447 2.00985435726214e-07 2.489367955980298e-08
46506.0 0.0 0.9662126004088988 1.4826531207803314e-06 2.069867336230197e-06 6.522276198623384e-06 465.06 0.1 0.01106721085353468 2.0683470525407148e-07 2.5572212107900967e-08
46506.0 0.0 0.9697197947634227 1.4083144793305064e-06 2.0741898889753255e-06 6.488603149122082e-06 465.06 0.1 0.011052628702979565 2.0472249693139907e-07 2.543847153665418e-08
46506.0 0.0 0.9873244710925666 1.0893063915536418e-06 2.136730165932753e-06 6.484290785017233e-06 465.06 0.1 0.011532887705024598 2.050897450263474e-07 2.6401525090520573e-08
46506.0 0.0 0.9703326840895109 1.3952167603531384e-06 2.0754714054583768e-06 6.49529025513016e-06 465.06 0.1 0.01112024915933732 2.0587370733228642e-07 2.5574198362902546e-08
46506.0 0.0 0.9660128754712375 1.495632129628102e-06 2.074044062208515e-06 6.5172469679672175e-06 465.06 0.1 0.011039131905838297 2.0621810681313044e-07 2.5531435813105653e-08
46506.0 0.0 0.9717314946983864 1.349634185939702e-06 2.0639622835606364e-06 6.479214824204621e-06 465.06 0.1 0.011021956453480494 2.0317545711101432e-07 2.529374340215798e-08
46506.0 0.0 0.9624179041049233 1.5590334836017206e-06 2.0587471684857093e-06 6.455518984269298e-06 465.06 0.1 0.010689733892097054 2.012963919811363e-07 2.4205687124809658e-08
46506.0 0.0 0.9668259423829214 1.4593817415440972e-06 2.0610743333735475e-06 6.475080531795913e-06 465.06 0.1 0.011021702713272194 2.0577028175326194e-07 2.5329384414164818e-08
46506.0 0.0 0.9726463950991712 1.3597037463863977e-06 2.0889065521212787e-06 6.474400356615574e-06 465.06 0.1 0.010671524348299368 1.9496135946862508e-07 2.4346776840490674e-08
46506.0 0.0 0.9693440350042597 1.4499683715713223e-06 2.102382209595393e-06 6.443448548885581e-06 465.06 0.1 0.011048724644172704 2.051916419655702e-07 2.4978066083428737e-08
46506.0 0.0 0.9838924289988438 1.1532649968642168e-06 2.1261286596141617e-06 6.496265219684393e-06 465.06 0.1 0.011552287191560992 2.0738338933953293e-07 2.649754296457755e-08
46506.0 0.0 0.9767767137133337 1.294857605907122e-06 2.1114017622909677e-06 6.483038851899696e-06 465.06 0.1 0.011398093840526978 2.0785644906643422e-07 2.62856380576879e-08
46506.0 0.0 0.9612912633311714 1.6165251847462455e-06 2.0848265077856854e-06 6.43344210862694e-06 465.06 0.1 0.010838747258976333 2.0475851896004097e-07 2.470798682092464e-08
46506.0 0.0 0.9787251319024666 1.2652945387664133e-06 2.1246753210705074e-06 6.476833930038006e-06 465.06 0.1 0.011097703016727125 2.01114840340279e-07 2.5078433236389618e-08
46506.0 0.0 0.986470036462557 1.1023189674471835e-06 2.132084992886126e-06 6.4408401812379665e-06 465.06 0.1 0.011178945747854198 1.9892276586319286e-07 2.5109475788646416e-08
46506.0 0.0 0.9647342231655581 1.5371318569775518e-06 2.086600380109166e-06 6.477198320246981e-06 465.06 0.1 0.010673059854252962 1.9894468018061304e-07 2.4501407693214867e-08
46506.0 0.0 0.9590743404069274 1.6567885866609265e-06 2.076381209429382e-06 6.471489685231242e-06 465.06 0.1 0.010737959493526185 2.0370490980694147e-07 2.454006788113056e-08
46506.0 0.0 0.9765803905780368 1.297017318943808e-06 2.11114826111667e-06 6.481664736624259e-06 465.06 0.1 0.011377178152907851 2.076425316873716e-07 2.6187343381151358e-08
46506.0 0.0 0.9629886424429768 1.5579965725249728e-06 2.069800637651632e-06 6.477341455435369e-06 465.06 0.1 0.010563874145982805 1.9987204238678452e-07 2.4226093894288933e-08
46506.0 0.0 0.9479333757042891 1.8741301210304094e-06 2.0358119206789084e-06 6.490133123736131e-06 465.06 0.1 0.010923835521869039 2.138699607673774e-07 2.5378410528277395e-08
46506.0 0.0 0.9631751993191617 1.5641902422754233e-06 2.078851067239623e-06 6.4779677975301575e-06 465.06 0.1 0.011174678606651096 2.107450124125437e-07 2.5843398435262114e-08
46506.0 0.0 0.9595619073387098 1.6328981197263525e-06 2.0655475094438514e-06 6.483977199794373e-06 465.06 0.1 0.011047829514275386 2.0999879372149635e-07 2.56091421607548e-08
46506.0 0.0 0.9637996380347437 1.556498768581953e-06 2.084215848626456e-06 6.433906637576439e-06 465.06 0.1 0.010883885663264002 2.0456337700550799e-07 2.471716163287702e-08
46506.0 0.0 0.9826302412761072 1.1770358968277868e-06 2.1244412729064148e-06 6.480166733764851e-06 465.06 0.1 0.011364112135493749 2.0385969873815384e-07 2.6258552502097996e-08
46506.0 0.0 0.9875513281752398 1.081624077025223e-06 2.1351265389289317e-06 6.4626747583062245e-06 465.06 0.1 0.011129357154110446 1.9719504348477258e-07 2.5085743166407128e-08
46506.0 0.0 0.9766726604698679 1.27244601795618e-06 2.0926029569727443e-06 6.520072279094016e-06 465.06 0.1 0.011254976705911683 2.052637218825388e-07 2.5839595533897723e-08
46506.0 0.0 0.9695571141515675 1.427823129120773e-06 2.0875652047720143e-06 6.468473294025383e-06 465.06 0.1 0.010810881504567535 1.998162838133789e-07 2.4570973484227587e-08
46506.0 0.0 0.9829845058056467 1.1769269906179372e-06 2.129547150410332e-06 6.489264854866581e-06 465.06 0.1 0.011520258672057455 2.0708792664124632e-07 2.6487507626945363e-08
46506.0 0.0 0.9777934205261395 1.2501271252768658e-06 2.0927777385312472e-06 6.474693526469407e-06 465.06 0.1 0.010906325368830292 1.979138917410911e-07 2.4542921784095936e-08
46506.0 0.0 0.9886663269422047 1.070533523651362e-06 2.1458357550912873e-06 6.477588727212392e-06 465.06 0.1 0.0109742267702055 1.9284180362164563e-07 2.501614618217194e-08
46506.0 0.0 0.9766063823908306 1.3220833663656108e-06 2.1315711906202186e-06 6.486391118357988e-06 465.06 0.1 0.011520432585016305 2.10353342103499e-07 2.6601406697467547e-08
46506.0 0.0 0.9705396967255546 1.4009367661854134e-06 2.0833490407046086e-06 6.5450796763315285e-06 465.06 0.1 0.011191519832968039 2.071555280255762e-07 2.578302606562498e-08
46506.0 0.0 0.9712955661852586 1.3798727761796403e-06 2.081035878909504e-06 6.476914705351995e-06 465.06 0.1 0.010853100075597111 1.9578404524653053e-07 2.4573953534838176e-08
46506.0 0.0 0.9841912732516103 1.0948177292428718e-06 2.0842750359705035e-06 6.454861684324523e-06 465.06 0.1 0.010802915581538185 1.926096353105895e-07 2.421910075724022e-08
46506.0 0.0 0.9540908326381574 1.7468740017483928e-06 2.054402437822885e-06 6.486226699869337e-06 465.06 0.1 0.011011536204995198 2.1229822913485127e-07 2.5546602945311933e-08
46506.0 0.0 0.9828155875235971 1.1595587929950557e-06 2.1130309954809553e-06 6.453484948633618e-06 465.06 0.1 0.010949669775554704 1.9587498696388773e-07 2.478037835393598e-08
46506.0 0.0 0.9693228073785114 1.4204356421195334e-06 2.0766719623467182e-06 6.4760630504049225e-06 465.06 0.1 0.010593880269718865 1.9511074464576437e-07 2.4159840184251727e-08
46506.0 0.0 0.9857894596241548 1.111537330443048e-06 2.1278489885985165e-06 6.465582564241336e-06 465.06 0.1 0.011091707432261169 1.9731832679212532e-07 2.5032517942814412e-08
46506.0 0.0 0.9662764468832246 1.5293363493925868e-06 2.1096690259941627e-06 6.477938591221685e-06 465.06 0.1 0.011426818075752484 2.140954379081657e-07 2.6509388151064482e-08
46506.0 0.0 0.9784867862325 1.2636037131502506e-06 2.119446661205585e-06 6.503399431774241e-06 465.06 0.1 0.011294594304703792 2.0449831817878692e-07 2.6188245172425717e-08
46506.0 0.0 0.975906567310791 1.3186806640025088e-06 2.115693739687552e-06 6.4604258883247955e-06 465.06 0.1 0.010966701185924578 1.9963786532513062e-07 2.4923410896759098e-08
46506.0 0.0 0.9695392677697267 1.4038845434305498e-06 2.0672381326748664e-06 6.5142192414408155e-06 465.06 0.1 0.011108305706943135 2.0625603470842144e-07 2.5448301161070105e-08
46506.0 0.0 0.9767014740856195 1.2765809953179435e-06 2.0960498769432025e-06 6.456797813999935e-06 465.06 0.1 0.010831436770884832 1.9654530470510787e-07 2.4556903443216152e-08
46506.0 0.0 0.9777708046425155 1.2540149971341982e-06 2.0979583675853247e-06 6.507013996341297e-06 465.06 0.1 0.011267446545139 2.048685903013547e-07 2.588519688017507e-08
46506.0 0.0 0.9719408864918836 1.3743642317255844e-06 2.0882733163410144e-06 6.456719396439217e-06 465.06 0.1 0.010824723378356764 1.989551513587004e-07 2.4548496540492615e-08
46506.0 0.0 0.9674850921386869 1.4836706779319274e-06 2.0937563991212084e-06 6.429405363045073e-06 465.06 0.1 0.010951193565668493 2.0409392995250965e-07 2.477668623871353e-08
46506.0 0.0 0.9740601893763994 1.3299487903367838e-06 2.0914503191599064e-06 6.475836170076898e-06 465.06 0.1 0.01060012585587547 1.9336059600010217e-07 2.420346815148903e-08
46506.0 0.0 0.9622394011393774 1.5820598062484743e-06 2.0749989771730006e-06 6.429838435042066e-06 465.06 0.1 0.010833324098718245 2.0433708703238084e-07 2.461214452187905e-08
46506.0 0.0 0.9737054022141081 1.3340467325021543e-06 2.088032932571943e-06 6.498623034728019e-06 465.06 0.1 0.011166487618586324 2.0490978786095258e-07 2.569405177888822e-08
46506.0 0.0 0.9516150625757706 1.767997801200945e-06 2.019931262078129e-06 6.509716062539184e-06 465.06 0.1 0.010737627087952692 2.079770646827387e-07 2.4808031372107436e-08
46506.0 0.0 0.9938351495543247 9.111229570023522e-07 2.1083271995368485e-06 6.476494596085572e-06 465.06 0.1 0.004075574075512223 6.82835394944272e-08 1.2763300412908727e-08
46506.0 0.0 0.9745525196428464 1.3233683367275124e-06 2.0954556456825985e-06 6.483577669252736e-06 465.06 0.1 0.011201330506651975 2.0502095237281722e-07 2.5856998565906498e-08
46506.0 0.0 0.9745006159382231 1.3088082678226103e-06 2.082278306403386e-06 6.461365835008119e-06 465.06 0.1 0.010826516190754773 1.979748403418827e-07 2.436455791037225e-08
46506.0 0.0 0.9830448820477742 1.177031300019193e-06 2.1314766104488892e-06 6.47108234992671e-06 465.06 0.1 0.011078934475961361 1.9833180931325288e-07 2.5075820978476342e-08
46506.0 0.0 0.9624685033682878 1.5798336490699603e-06 2.0775438912650596e-06 6.471659354399964e-06 465.06 0.1 0.010739802703443319 2.0195386215011466e-07 2.451017312360784e-08
46506.0 0.0 0.9700845977465021 1.4319013796449076e-06 2.1011657015685115e-06 6.509240250403111e-06 465.06 0.1 0.011346239593190104 2.10550225911392e-07 2.6163501330262165e-08
46506.0 0.0 0.9628109816650422 1.5697198301114896e-06 2.0759216021590547e-06 6.5061271965883646e-06 465.06 0.1 0.01110295862072788 2.0930095937867583e-07 2.5738551766760415e-08
46506.0 0.0 0.974425455542627 1.3080820827651706e-06 2.0793292212410463e-06 6.476317368889302e-06 465.06 0.1 0.010621415694989776 1.9221994595102312e-07 2.4139920730493923e-08
46506.0 0.0 0.9661017298877284 1.5089328163973433e-06 2.088253365632639e-06 6.486821901231332e-06 465.06 0.1 0.011161814100564861 2.0856742934164937e-07 2.5938341114452055e-08
46506.0 0.0 0.98309121866777 1.1531311823730814e-06 2.1124814240062215e-06 6.4769660784214116e-06 465.06 0.1 0.01077046940294057 1.916758030470803e-07 2.4522712685698606e-08
46506.0 0.0 0.9798350801872514 1.234612432143213e-06 2.11943308882702e-06 6.524050303373441e-06 465.06 0.1 0.011465169520586207 2.0771534280406736e-07 2.63374122471585e-08
46506.0 0.0 0.9951144381788376 9.258672437033214e-07 2.1427883600709735e-06 6.535754189268881e-06 465.06 0.1 0.011527219574318003 2.0080840619521547e-07 2.641531543013281e-08
46506.0 0.0 0.9723405296865795 1.3844475871474288e-06 2.10419036508013e-06 6.4699522931154205e-06 465.06 0.1 0.010914343901981916 2.0048629426131058e-07 2.479849266371462e-08
46506.0 0.0 0.961468402321106 1.5769221375182802e-06 2.055587422840971e-06 6.459780293909307e-06 465.06 0.1 0.010631505477899619 2.0045589781623986e-07 2.414270496126498e-08
46506.0 0.0 0.967692404033801 1.4699564792813033e-06 2.0865152354864385e-06 6.44949508653964e-06 465.06 0.1 0.010896266207206516 2.028762917809365e-07 2.4618021806518646e-08
46506.0 0.0 0.948095596447382 1.8671183215252775e-06 2.0346806879874343e-06 6.4589094156756935e-06 465.06 0.1 0.010600759753242414 2.071308464117956e-07 2.4081261871015808e-08
46506.0 0.0 0.9672368797255216 1.472757605389282e-06 2.0799996218680912e-06 6.476773035893828e-06 465.06 0.1 0.011084777460155189 2.0652765007674887e-07 2.564179281810634e-08
46506.0 0.0 0.971210254177263 1.4193977447114844e-06 2.111395727935346e-06 6.51974790974159e-06 465.06 0.1 0.01142406127566337 2.1140028801445945e-07 2.641951339452169e-08
46506.0 0.0 0.9641050861672146 1.545346272534567e-06 2.0804323758554146e-06 6.476207196142652e-06 465.06 0.1 0.010652285399495299 1.9898437657488464e-07 2.4373943355540487e-08
46506.0 0.0 0.9679573447938107 1.451397236072086e-06 2.0765095849433236e-06 6.5209153460151645e-06 465.06 0.1 0.011114400340659282 2.068626959349216e-07 2.5678947012220234e-08
46506.0 0.0 0.9788183279759307 1.2566899856030546e-06 2.118731798335755e-06 6.4817119901896555e-06 465.06 0.1 0.011324016955785396 2.0502592977799524e-07 2.6191999048907272e-08
46506.0 0.0 0.9669348166734303 1.4805536239360136e-06 2.08075588203252e-06 6.511046947569656e-06 465.06 0.1 0.011112792323802578 2.0732999522922464e-07 2.5687754039760262e-08
46506.0 0.0 0.9529562462357609 1.7657087978185433e-06 2.0455223365605332e-06 6.46047697307735e-06 465.06 0.1 0.010695355841981212 2.0653443867955782e-07 2.4279920811248254e-08
46506.0 0.0 0.9769902735247211 1.2638134739818987e-06 2.0913453700161303e-06 6.47681458888429e-06 465.06 0.1 0.011105797974966516 1.9758963854108917e-07 2.5168599554684353e-08
46506.0 0.0 0.9859579247241164 1.1251493438838683e-06 2.141500380535766e-06 6.476131550539644e-06 465.06 0.1 0.011013510604518035 1.9502846625409722e-07 2.5126844985748152e-08
46506.0 0.0 0.9692703132946061 1.4089137012066866e-06 2.0663657054506815e-06 6.476636337834548e-06 465.06 0.1 0.0103064098265655 1.8710882888656024e-07 2.4050365538260322e-08
46506.0 0.0 0.9737166839910386 1.3203184977929412e-06 2.0771743011882925e-06 6.4775962163359115e-06 465.06 0.1 0.010583438407238707 1.926803171121407e-07 2.4106790319831986e-08
46506.0 0.0 0.976436156634266 1.2839219380007014e-06 2.0966568387663227e-06 6.50360371424294e-06 465.06 0.1 0.011354577169444225 2.0750090691059398e-07 2.6031529932154997e-08
46506.0 0.0 0.9496196512709838 1.8165072019611614e-06 2.0223717583012034e-06 6.44678143559862e-06 465.06 0.1 0.010447823103868067 2.0279754435178888e-07 2.3792718396341168e-08
46506.0 0.0 0.9851362815175109 1.125017239350949e-06 2.1264874531142296e-06 6.477571597489613e-06 465.06 0.1 0.01088371725162916 1.929253205712734e-07 2.4786899925068852e-08
46506.0 0.0 0.9650776458957525 1.530375772883928e-06 2.0872758647390574e-06 6.5161802695122956e-06 465.06 0.1 0.011189535332103963 2.0980080548483668e-07 2.5961428976099557e-08
46506.0 0.0 0.9782095005165917 1.2466392977760952e-06 2.0999014909692138e-06 6.456416752216283e-06 465.06 0.1 0.010851689138212234 1.9626151354343913e-07 2.4547605935505177e-08
46506.0 0.0 0.9702556733843294 1.4104257020078824e-06 2.0866603325236747e-06 6.457573878018619e-06 465.06 0.1 0.010901413591546056 2.0163853837045167e-07 2.4640427162658005e-08
46506.0 0.0 0.9745041437637854 1.342274683345165e-06 2.108952163206295e-06 6.5376264257186316e-06 465.06 0.1 0.011322479967428791 2.0741888194931178e-07 2.620890473732092e-08
46506.0 0.0 0.965383165066374 1.5304333678825637e-06 2.092090953242686e-06 6.475082928592969e-06 465.06 0.1 0.010691661279647255 1.9893232777447147e-07 2.4573786862692618e-08
46506.0 0.0 0.9680640118350315 1.4243073918437715e-06 2.05630835177506e-06 6.4771595477532015e-06 465.06 0.1 0.010534398747527509 1.928008591870535e-07 2.3119819352255416e-08
46506.0 0.0 0.9621028562546238 1.5747004824005293e-06 2.0676417599629836e-06 6.451111182116613e-06 465.06 0.1 0.010687757499891785 2.0118842592438873e-07 2.4315773449283293e-08
46506.0 0.0 0.9799788729047333 1.2249653833026898e-06 2.114552818406403e-06 6.460254316630493e-06 465.06 0.1 0.011055211266233196 1.9973798325505147e-07 2.490585251194659e-08
46506.0 0.0 0.9799245216625563 1.2037626804510526e-06 2.0963687452403735e-06 6.445459659202098e-06 465.06 0.1 0.01097272363018381 1.9827922888400782e-07 2.4632787119229203e-08
46506.0 0.0 0.9652734860034226 1.5075152164411554e-06 2.072285451200712e-06 6.477231371148958e-06 465.06 0.1 0.010501581404615701 1.949994590534081e-07 2.4096758905465465e-08
46506.0 0.0 0.964609283327408 1.5301556137753113e-06 2.0780564868190313e-06 6.54202483315179e-06 465.06 0.1 0.01113301919859109 2.0899494038336245e-07 2.5788152924004953e-08
46506.0 0.0 0.9719552505505824 1.3854910700066233e-06 2.0977284254359873e-06 6.501307166090529e-06 465.06 0.1 0.011338981982898339 2.094625911813713e-07 2.6107302257698575e-08
46506.0 0.0 0.9551001371504663 1.6935382627305723e-06 2.0289426961423304e-06 6.4629073639269405e-06 465.06 0.1 0.010521454907185236 2.0170668052122217e-07 2.3805598850064444e-08
46506.0 0.0 0.9834609448782631 1.1742524659026027e-06 2.1364451735125717e-06 6.472744076875092e-06 465.06 0.1 0.011178305918332599 2.0032033478437078e-07 2.5203491371808846e-08
46506.0 0.0 0.9549827583508403 1.7065078975637676e-06 2.037499529126476e-06 6.5165626528389066e-06 465.06 0.1 0.010946515335044161 2.107182485526983e-07 2.5241476986827252e-08
46506.0 0.0 0.9757700472788062 1.3125175687637788e-06 2.1077182668084855e-06 6.541013531527993e-06 465.06 0.1 0.011333002607227744 2.0696450774112843e-07 2.6192952195898213e-08
46506.0 0.0 0.9599556381259636 1.6081517306350817e-06 2.0532011415178513e-06 6.528638135417978e-06 465.06 0.1 0.010988824144037219 2.0871253616368314e-07 2.5371936733754258e-08
46506.0 0.0 0.9545214270604426 1.7781071431159335e-06 2.088783461714532e-06 6.45481995489871e-06 465.06 0.1 0.010884952572928394 2.093280985779902e-07 2.4917995068803597e-08
46506.0 0.0 0.9710162631453266 1.4281120015596922e-06 2.115030487395331e-06 6.507141233680538e-06 465.06 0.1 0.011418911501993912 2.1128965486659737e-07 2.6449080885685674e-08
46506.0 0.0 0.9635981747490375 1.5239405940482618e-06 2.0533446500411534e-06 6.477524530963124e-06 465.06 0.1 0.01048563246077791 1.9591696313358386e-07 2.389537335933858e-08
46506.0 0.0 0.9859836619558175 1.0926206571851589e-06 2.1159948217908716e-06 6.517684636488636e-06 465.06 0.1 0.011397028981072964 2.0319351194792342e-07 2.6089323017552812e-08
46506.0 0.0 0.9781337276376759 1.2340689723349093e-06 2.088461150052595e-06 6.4827173890833845e-06 465.06 0.1 0.011178957746366555 2.0289582870525562e-07 2.5673531954745066e-08
46506.0 0.0 0.9726581865008008 1.3723015519320155e-06 2.100695906944593e-06 6.440310283263182e-06 465.06 0.1 0.010937056850236333 2.009130225782971e-07 2.480038851157093e-08
46506.0 0.0 0.9580182704018512 1.694629931163685e-06 2.087428223351163e-06 6.477384238511911e-06 465.06 0.1 0.01067655757306786 2.0249181217254354e-07 2.4582250383023258e-08
46506.0 0.0 0.9476544219239106 1.8662559121329333e-06 2.0250157576619867e-06 6.49194247285905e-06 465.06 0.1 0.010730718263038976 2.097101679473653e-07 2.4967923394169357e-08
46506.0 0.0 0.9776436021628224 1.2451691258316386e-06 2.0869083700806235e-06 6.4862115722669245e-06 465.06 0.1 0.011226779947627935 2.043170529685012e-07 2.5696590728468836e-08
46506.0 0.0 0.966870861127881 1.4644397853457672e-06 2.066804066161717e-06 6.470129256896917e-06 465.06 0.1 0.01074640902016439 2.0020992258515918e-07 2.4277519012218036e-08
46506.0 0.0 0.9664461018381525 1.4877074835579413e-06 2.0779324920822204e-06 6.498498087883425e-06 465.06 0.1 0.011134227555664651 2.0807296748745565e-07 2.5740024094457536e-08
46506.0 0.0 0.9824109416045966 1.1817189375412462e-06 2.1238905601625945e-06 6.477327639925873e-06 465.06 0.1 0.010864957757989383 1.9386828471093868e-07 2.4778752698769035e-08
46506.0 0.0 0.973249579058257 1.3519825583355226e-06 2.0940490544956753e-06 6.451131457939356e-06 465.06 0.1 0.010877909367937482 1.9944330933351086e-07 2.4622082254779226e-08
46506.0 0.0 0.9755461384288456 1.3061814251477507e-06 2.0994977357914463e-06 6.459831944775506e-06 465.06 0.1 0.010936290279592257 1.9956524868562764e-07 2.468169205978566e-08
46506.0 0.0 0.9794308359371076 1.2581740713458458e-06 2.1306644183474687e-06 6.509699838404021e-06 465.06 0.1 0.011429153723396177 2.0681677446495353e-07 2.6449467973543698e-08
46506.0 0.0 0.9592863928212546 1.6008454094376332e-06 2.0325251213577876e-06 6.435315041215218e-06 465.06 0.1 0.010557007317954278 2.0037258942472192e-07 2.3785646022212594e-08
46506.0 0.0 1.0006649254552091 8.491308387371634e-07 2.176710253958969e-06 6.508032467863815e-06 465.06 0.1 0.011742593420704276 2.0179530057034023e-07 2.7021792785792666e-08
46506.0 0.0 0.9714800590255964 1.3636397296162647e-06 2.069105246605159e-06 6.4738365500652025e-06 465.06 0.1 0.010378954390584028 1.8456858992055327e-07 2.3439105567697144e-08
46506.0 0.0 0.9568675641758824 1.6744928222869405e-06 2.0475143853964837e-06 6.440809001049845e-06 465.06 0.1 0.01059864394309005 2.022524477648221e-07 2.4057124893958432e-08
46506.0 0.0 0.9824951138877587 1.1622702360776862e-06 2.1095163251879216e-06 6.486707487179063e-06 465.06 0.1 0.011316379729220378 2.0322804681502842e-07 2.603462229706116e-08
46506.0 0.0 0.9724067638315946 1.3785048297732372e-06 2.1003496474707142e-06 6.436800081931175e-06 465.06 0.1 0.010935545437212613 2.0112157037722696e-07 2.471873101758683e-08
46506.0 0.0 0.9606537344303563 1.5951690217837756e-06 2.055674698309328e-06 6.501306907149145e-06 465.06 0.1 0.011008220871010973 2.0877766615155142e-07 2.5393016059824987e-08
46506.0 0.0 0.9655053076798924 1.502028337090334e-06 2.0723677509602685e-06 6.440705831019773e-06 465.06 0.1 0.010769029110105263 2.0132110333618829e-07 2.4377600271353486e-08
46506.0 0.0 0.9778393773006162 1.24545593085003e-06 2.0925242032236744e-06 6.442870846303703e-06 465.06 0.1 0.010873443530861634 1.9713765701593002e-07 2.45001424064143e-08
46506.0 0.0 0.9625112111176395 1.5919145060253526e-06 2.088717771872385e-06 6.483095864803439e-06 465.06 0.1 0.011234671991362572 2.1217587929468447e-07 2.6084719282664094e-08
46506.0 0.0 0.9578090110479589 1.6401685899213468e-06 2.0346177913642583e-06 6.489135106139335e-06 465.06 0.1 0.010868672538935727 2.0744916314332377e-07 2.5044630032624187e-08
46506.0 0.0 0.9752574380925116 1.3121087345731768e-06 2.09894970833642e-06 6.4774082674728185e-06 465.06 0.1 0.010720215322772692 1.9461992168506408e-07 2.446132288957294e-08
46506.0 0.0 0.9879592031830813 1.0678680974733438e-06 2.13110946164976e-06 6.477324549546327e-06 465.06 0.1 0.010707737759203518 1.8782385779307122e-07 2.3654350664016028e-08
46506.0 0.0 0.9505807452111142 1.7981628551378455e-06 2.026737950555933e-06 6.512684237294487e-06 465.06 0.1 0.01076727128569439 2.0903475305089791e-07 2.4950537272482433e-08
46506.0 0.0 0.9671215448841919 1.4898558784074105e-06 2.0921136850986262e-06 6.524499616210876e-06 465.06 0.1 0.011211227251276224 2.092402156254413e-07 2.5922913108873213e-08
46506.0 0.0 0.9645594546889943 1.538303186683351e-06 2.0831593184879742e-06 6.473779282619502e-06 465.06 0.1 0.010864442466513396 2.0381569887490903e-07 2.4620534719671495e-08
46506.0 0.0 0.9553363006533421 1.7031281026322679e-06 2.0413006516160316e-06 6.5152469951065205e-06 465.06 0.1 0.010939637704395822 2.1034368990368077e-07 2.521086910666943e-08
46506.0 0.0 0.9627884076944954 1.5541604361910082e-06 2.0627408950362627e-06 6.47130375861621e-06 465.06 0.1 0.010666533024367951 2.0054740913341214e-07 2.4150339389750084e-08
46506.0 0.0 0.9781618214425882 1.2576986503106148e-06 2.1085167114682622e-06 6.477172478628922e-06 465.06 0.1 0.010998603103317411 1.9684866925394313e-07 2.4398267109009703e-08
46506.0 0.0 0.9599940457805607 1.6393115133793203e-06 2.0799920676500395e-06 6.4676468489778735e-06 465.06 0.1 0.010848626886519054 2.058694435793527e-07 2.463911481004786e-08
46506.0 0.0 0.9746468955838776 1.3246662082533992e-06 2.0984178655879277e-06 6.477443758930668e-06 465.06 0.1 0.010020096633293908 1.7745736010289971e-07 2.3156783658233744e-08
46506.0 0.0 0.9566662176560262 1.705640982249225e-06 2.0697578436907996e-06 6.4620155143249315e-06 465.06 0.1 0.010791530719455962 2.0633266285548667e-07 2.4616771470552214e-08
46506.0 0.0 0.9556059021413967 1.704331857849941e-06 2.047480787639806e-06 6.498321833393676e-06 465.06 0.1 0.010916545054654505 2.094134333257316e-07 2.5307655992913607e-08
46506.0 0.0 0.9713812424724062 1.3698073863080906e-06 2.0735237332945194e-06 6.525417846176977e-06 465.06 0.1 0.011079216258202684 2.0438688565533957e-07 2.552566966244181e-08
46506.0 0.0 0.9653159262094549 1.5054439522855153e-06 2.0693769271921887e-06 6.474135744192561e-06 465.06 0.1 0.010545551152439938 1.9610717462492563e-07 2.410099347100266e-08
46506.0 0.0 0.988746495023672 1.036737972305336e-06 2.1199654310547066e-06 6.484910029481275e-06 465.06 0.1 0.011322523568930222 2.000529523915865e-07 2.59920143277088e-08
46506.0 0.0 0.9684102882431758 1.4182506097227066e-06 2.0563717609400977e-06 6.47229054067878e-06 465.06 0.1 0.010962654653381339 2.03722207845282e-07 2.5135963099755172e-08
46506.0 0.0 0.9761439067784212 1.3003571805227032e-06 2.1062629163429677e-06 6.458495514686087e-06 465.06 0.1 0.010982310037933403 2.0017742607514187e-07 2.4788345277375253e-08
46506.0 0.0 0.9706358084235521 1.3878917920861775e-06 2.075230770873871e-06 6.461598371492173e-06 465.06 0.1 0.01087081890370558 2.0105551306157673e-07 2.4442860204875324e-08
46506.0 0.0 0.965064834205624 1.507961209669214e-06 2.0678058537724507e-06 6.493356674672191e-06 465.06 0.1 0.01108194053310465 2.0785628682422112e-07 2.556363192709734e-08
46506.0 0.0 0.9700309405074796 1.4142010880903508e-06 2.085543972192653e-06 6.492655786496496e-06 465.06 0.1 0.011165917217790125 2.067956809488506e-07 2.576957156023779e-08
46506.0 0.0 0.9748711376297757 1.3237208368661466e-06 2.101845745651486e-06 6.477536679236301e-06 465.06 0.1 0.010863196996782582 1.956986187954414e-07 2.4517910177021107e-08
46506.0 0.0 0.9504642855172137 1.831639953693493e-06 2.0514152135985922e-06 6.451179660716804e-06 465.06 0.1 0.010645095468688229 2.0656587216254563e-07 2.430105977468364e-08
46506.0 0.0 0.9744928269147872 1.3358392814069573e-06 2.104398008035607e-06 6.475669008846174e-06 465.06 0.1 0.010983993506729453 2.0103167152466035e-07 2.4839463826391807e-08
46506.0 0.0 0.9762308863618308 1.2869237478165546e-06 2.096482242486102e-06 6.473538156969811e-06 465.06 0.1 0.010925947720192588 1.9896664018002036e-07 2.468715997938455e-08
46506.0 0.0 0.9686537247766197 1.4127983247464947e-06 2.0559794626228607e-06 6.478691813327787e-06 465.06 0.1 0.010982618112492903 2.039297505287629e-07 2.5256729342070043e-08
46506.0 0.0 0.9853224138643422 1.1003186045391818e-06 2.110574333920783e-06 6.418502669285025e-06 465.06 0.1 0.010979758592639057 1.954677471966847e-07 2.469467414953276e-08
46506.0 0.0 0.964299297686825 1.5558192908958395e-06 2.093755011962171e-06 6.477313856262584e-06 465.06 0.1 0.01069802947791855 1.9963750845665573e-07 2.4581472783560406e-08
46506.0 0.0 0.9762517052176568 1.2934098012999533e-06 2.1017480650320194e-06 6.438009445247011e-06 465.06 0.1 0.010943340212577434 1.9936145809424737e-07 2.4675361830185492e-08
46506.0 0.0 0.9605938839369847 1.5996733271411689e-06 2.05794529586826e-06 6.515724913975988e-06 465.06 0.1 0.010992710401262037 2.083546895683354e-07 2.5414199191097094e-08
46506.0 0.0 0.9676823162157165 1.4662688905112035e-06 2.0842455218336225e-06 6.454164080103664e-06 465.06 0.1 0.010921141163108774 2.0353967255845058e-07 2.463059546359048e-08
46506.0 0.0 0.9663796778317486 1.4838438712530707e-06 2.0736302423649706e-06 6.485021153586707e-06 465.06 0.1 0.01107644045524337 2.0693753656491487e-07 2.5573380731171144e-08
46506.0 0.0 0.9711670031594665 1.4018005944338146e-06 2.0962704579035873e-06 6.503387552893647e-06 465.06 0.1 0.011283645028989117 2.086559058658327e-07 2.6018769266381597e-08
46506.0 0.0 0.9783671499457977 1.2389189818723425e-06 2.096632697490084e-06 6.453437548663564e-06 465.06 0.1 0.010986599587111455 1.9939009054881557e-07 2.465717366414206e-08
46506.0 0.0 0.9637365647325529 1.562103049773041e-06 2.087756740164834e-06 6.520411105165435e-06 465.06 0.1 0.011181969360069795 2.104058426064854e-07 2.5925445202051535e-08
46506.0 0.0 0.9718461178203627 1.382707859135246e-06 2.0926424359852784e-06 6.49377715812743e-06 465.06 0.1 0.01121532357720871 2.0675559883040476e-07 2.5920191748714946e-08
46506.0 0.0 0.9796281226940021 1.2357028763621391e-06 2.1169636242244082e-06 6.526278880329052e-06 465.06 0.1 0.011375240808275837 2.0582597971881467e-07 2.6228587078015047e-08
46506.0 0.0 0.9750973283913653 1.3334028689075675e-06 2.1133759896724146e-06 6.4629251752914996e-06 465.06 0.1 0.011007361717769972 2.0101719272563286e-07 2.4969177679501196e-08
46506.0 0.0 0.9879592401860651 1.0655321787733875e-06 2.128822714220162e-06 6.475798777666195e-06 465.06 0.1 0.010903404619187845 1.9192605916535517e-07 2.4793412081444214e-08
46506.0 0.0 0.9610122418387335 1.6131814934264294e-06 2.0781198237299417e-06 6.490674880081701e-06 465.06 0.1 0.011136337591958133 2.1100986200583665e-07 2.581644413547866e-08
46506.0 0.0 0.9699831104131749 1.4276990152216256e-06 2.0948042547341262e-06 6.485275310359355e-06 465.06 0.1 0.011219899570036471 2.0785274723914452e-07 2.592853636476988e-08
46506.0 0.0 0.9823665528207984 1.1811675247522391e-06 2.1215387305100214e-06 6.455237798918367e-06 465.06 0.1 0.011120931643651438 1.9986240514052981e-07 2.501616739090321e-08
46506.0 0.0 0.9896805286291553 1.030352880997263e-06 2.1309418799881624e-06 6.461908990842747e-06 465.06 0.1 0.011059537095868741 1.945986974166485e-07 2.497318959430583e-08
46506.0 0.0 0.9726250873467214 1.3650428284024959e-06 2.09317749714041e-06 6.470207871799799e-06 465.06 0.1 0.01087496875318611 1.9971703240886394e-07 2.4620288992187866e-08
46506.0 0.0 0.956711801044144 1.6815792820791645e-06 2.0511893726625e-06 6.490996966186525e-06 465.06 0.1 0.01095493480297949 2.0968305522358602e-07 2.534683603710788e-08
46506.0 0.0 0.9742921413391368 1.3434199957040059e-06 2.1051069513188616e-06 6.475572424402478e-06 465.06 0.1 0.010971768669732066 2.009393464759125e-07 2.480637519176422e-08
46506.0 0.0 0.9768450013025485 1.2831317067737907e-06 2.1028688313716064e-06 6.478800752880192e-06 465.06 0.1 0.011264173137813858 2.0504779967537768e-07 2.5990371170463838e-08
46506.0 0.0 0.97069269933619 1.3853489773906474e-06 2.073707420902037e-06 6.4769369152463154e-06 465.06 0.1 0.010601469126341254 1.9557478173569253e-07 2.4140913305643193e-08
46506.0 0.0 0.9593634428689229 1.6619820542178288e-06 2.0866013539512745e-06 6.509446304977707e-06 465.06 0.1 0.011152873190163122 2.1204920587108323e-07 2.5962363014171054e-08
46506.0 0.0 0.985441150744273 1.1274453390083278e-06 2.133983457404218e-06 6.5435385233805e-06 465.06 0.1 0.011505399206925605 2.054249642622288e-07 2.642921660373392e-08
46506.0 0.0 0.9785688002183864 1.2507935929608869e-06 2.1084802134671966e-06 6.512279693664861e-06 465.06 0.1 0.011288245820961157 2.046800553089372e-07 2.6005746656637857e-08
46506.0 0.0 0.9685854971309434 1.4561627010634703e-06 2.0924059545417914e-06 6.469895972708316e-06 465.06 0.1 0.010861505497232242 2.0145653125418934e-07 2.4642506271121686e-08
46506.0 0.0 0.9788677912037292 1.2424241004660703e-06 2.1090029682828495e-06 6.513349448016297e-06 465.06 0.1 0.011311252849967432 2.0499335198129092e-07 2.605406241630986e-08
46506.0 0.0 0.9695307505433988 1.4316998096520134e-06 2.0898048160493574e-06 6.453635614171346e-06 465.06 0.1 0.010892646086550549 2.0182193491398142e-07 2.461424069987282e-08
46506.0 0.0 0.9839824155838498 1.1584805171708846e-06 2.1336052583797096e-06 6.511655473293915e-06 465.06 0.1 0.011453691254796967 2.0491487389773551e-07 2.6470211082495622e-08
46506.0 0.0 0.9719573945211275 1.374625610450082e-06 2.087036934708978e-06 6.519289654839601e-06 465.06 0.1 0.011213207785447285 2.0681221747206952e-07 2.582323885220586e-08
46506.0 0.0 0.9770069993196576 1.2807497481998328e-06 2.105879573911748e-06 6.490217907249208e-06 465.06 0.1 0.01133685095101191 2.0657965534668223e-07 2.6112132762633183e-08
46506.0 0.0 0.9733571753767684 1.3816359600446111e-06 2.120613511384873e-06 6.476801688832258e-06 465.06 0.1 0.010861226578677967 1.9827430908113043e-07 2.4918432154115928e-08
46506.0 0.0 0.9945422334276961 9.288441945916494e-07 2.135405311950591e-06 6.479840237664101e-06 465.06 0.1 0.011518251326021307 2.0108533369315877e-07 2.6336021605506067e-08
46506.0 0.0 0.9776659715507134 1.2552397276045264e-06 2.0943402570805327e-06 6.493879342345689e-06 465.06 0.1 0.011278481111800128 2.0520981747165846e-07 2.5865047882291612e-08
46506.0 0.0 0.9674500049578156 1.4472310823872908e-06 2.0636135635970343e-06 6.5084225711925256e-06 465.06 0.1 0.01099480719185375 2.0472393590739702e-07 2.534281443395882e-08
46506.0 0.0 0.9654592929000902 1.5163001065325408e-06 2.0825939236663107e-06 6.468745372911952e-06 465.06 0.1 0.010797395491540986 2.017928944569265e-07 2.4494853601520578e-08
46506.0 0.0 0.9857843894033604 1.104295431677297e-06 2.1213702135286154e-06 6.520347521181017e-06 465.06 0.1 0.011437480792050394 2.0395569801518163e-07 2.6271785492497688e-08
46506.0 0.0 0.9646717320624884 1.526518040890026e-06 2.0752849952771803e-06 6.4896215718154e-06 465.06 0.1 0.011061581538142242 2.073319097477728e-07 2.5655389135262316e-08
