N A a b tau e err_N err_A err_a err_b err_tau err_e
46506.0 0.0 1.0392528358572701 -1.6844685419282393e-07 2.086650296814149e-06 6.2891970980281724e-06 465.06 0.1 0.0069018593622502625 1.0423330830360902e-07 1.088591867294056e-08
46506.0 0.0 1.0333420177300283 -4.872208955066136e-08 2.091611554924148e-06 6.7491078323885145e-06 465.06 0.1 0.006759451713899687 1.0046901606466503e-07 1.1296547794376083e-08
46506.0 0.0 1.0380735380565338 -1.4610879963948368e-07 2.1009935346284984e-06 5.953682483712245e-06 465.06 0.1 0.007212762602306197 1.1181727791410924e-07 1.0816512315841416e-08
46506.0 0.0 1.0184495674308967 2.6489312070983206e-07 2.0933915872332155e-06 6.224373838369574e-06 465.06 0.1 0.007185824795942222 1.1706986125968536e-07 1.1103038883351969e-08
46506.0 0.0 1.0205311591103927 2.2071018485434544e-07 2.081664058478778e-06 6.6814989853341176e-06 465.06 0.1 0.006841960684614465 1.0907129424272518e-07 1.1363703809711382e-08
46506.0 0.0 1.0235928210270957 1.5551659331002362e-07 2.092620096185951e-06 6.608687494924842e-06 465.06 0.1 0.00694623710615499 1.0895998560430466e-07 1.1624848567991885e-08
46506.0 0.0 1.0284919109135804 5.368745148459364e-08 2.0876936873104088e-06 6.31796426176995e-06 465.06 0.1 0.00688842115273986 1.0558946136094656e-07 1.0907205644484917e-08
46506.0 0.0 1.0320933039995912 -2.290771175463917e-08 2.096750838994207e-06 3.702166783026382e-05 465.06 0.1 0.004687937651476015 5.213702821951569e-08 1.2452280187555719e-08
46506.0 0.0 1.0275493238588802 7.346683484707789e-08 2.1000316908747955e-06 6.263073333035496e-06 465.06 0.1 0.006915269546153267 1.06646512282424e-07 1.0878365323943971e-08
46506.0 0.0 1.0386664374712464 -1.5826988202260815e-07 2.088004460722825e-06 6.8434021689749525e-06 465.06 0.1 0.006976792939188198 1.0513919800212295e-07 1.1470140286779355e-08
46506.0 0.0 1.037861943702995 -1.4238907047443216e-07 2.0936579692295585e-06 6.620921852326163e-06 465.06 0.1 0.007038308913325717 1.0731225512728495e-07 1.1510483355057478e-08
46506.0 0.0 1.0336334571964547 -5.468524673187652e-08 2.0885189904949252e-06 6.201172171170554e-06 465.06 0.1 0.00694695471487204 1.0575784076168391e-07 1.0765011370385476e-08
46506.0 0.0 1.030812940842479 3.8046936962039134e-09 2.0745407335054657e-06 2.584536653579577e-05 465.06 0.1 0.004710520202768684 3.4729176098117485e-09 9.599188101111472e-09
46506.0 0.0 1.0357252188335828 -9.778358166718039e-08 2.1083722212540865e-06 6.868927704181009e-06 465.06 0.1 0.006954999008113349 1.0536290517721843e-07 1.1622543283260431e-08
46506.0 0.0 1.0289569375125935 4.314903235522828e-08 2.086883628350919e-06 6.090007336071607e-06 465.06 0.1 0.00719517138819741 1.1407950686329167e-07 1.0870730507026595e-08
46506.0 0.0 1.0359180894148678 -1.0175426300076585e-07 2.10021538504331e-06 6.263626083520103e-06 465.06 0.1 0.0069741576997625655 1.0556034843442886e-07 1.0846612733890118e-08
46506.0 0.0 1.0358278988284841 -1.8275688431941557e-07 2.110404962776482e-06 5.572050165318891e-05 465.06 0.1 0.004817166775970285 3.9093778010860135e-07 1.5531233903503512e-08
46506.0 0.0 1.033043051554139 -4.210817605145891e-08 2.084350651176187e-06 6.681437589493501e-06 465.06 0.1 0.006756984123691306 1.0048496490249647e-07 1.1220700524627988e-08
46506.0 0.0 1.0284838982038724 5.470850779717329e-08 2.1012492607994935e-06 6.547148633175664e-06 465.06 0.1 0.0069776074253313876 1.0659591746679143e-07 1.122195805349086e-08
46506.0 0.0 1.0211848887647679 2.0748900778489777e-07 2.0776577593471812e-06 6.496291073969034e-06 465.06 0.1 0.006803365882676921 1.0528921397091301e-07 1.1152952057679639e-08
46506.0 0.0 1.0338727667935723 -5.8667668571722986e-08 2.0920331766267007e-06 6.590747095013546e-06 465.06 0.1 0.006965970031483765 1.0619860169485912e-07 1.1302918522076785e-08
46506.0 0.0 1.037556838671416 -1.3549821029559892e-07 2.092383170888064e-06 6.7685060736800954e-06 465.06 0.1 0.006748462750694679 9.895225856244499e-08 1.1296672938014887e-08
46506.0 0.0 1.0352188861358778 -8.678516496305987e-08 2.1019296496558572e-06 6.1727167133742625e-06 465.06 0.1 0.007117982245355436 1.1005539128117054e-07 1.0991843401063383e-08
46506.0 0.0 1.0388355726484155 -1.617453785524101e-07 2.1095139503687218e-06 6.232884113042106e-06 465.06 0.1 0.007161977703883627 1.1020256025895722e-07 1.0931303108643635e-08
46506.0 0.0 1.0400878953840904 -1.8738404209730344e-07 2.1028497126482952e-06 5.958162987779784e-06 465.06 0.1 0.007036787495399417 1.0638838844478214e-07 1.0533619312279999e-08
46506.0 0.0 1.025281434385711 1.2059004673854876e-07 2.079232029688989e-06 6.940948678149768e-06 465.06 0.1 0.00669550192938742 1.0090521141737063e-07 1.1516047133908129e-08
46506.0 0.0 1.0337748121438561 -5.683845176899064e-08 2.0866696648991085e-06 6.5058409492039315e-06 465.06 0.1 0.006828288318556453 1.02325027733699e-07 1.106179232618852e-08
46506.0 0.0 1.0268942774922067 8.699370487955101e-08 2.0828530404881158e-06 6.220963237262997e-06 465.06 0.1 0.006936546095003998 1.0743542978856293e-07 1.0820894058809927e-08
46506.0 0.0 1.0300907229768659 1.8966506281512024e-08 2.0917151138334773e-06 6.536650527967785e-06 465.06 0.1 0.0068328697981959 1.0352460029734807e-07 1.1111051210911933e-08
46506.0 0.0 1.0351660771895987 -8.644144556932283e-08 2.1064993304967962e-06 6.249710795296524e-06 465.06 0.1 0.006957291000808012 1.0552620788929515e-07 1.0917705528585786e-08
46506.0 0.0 1.0366907381161499 -1.1804766859833421e-07 2.1019170503364516e-06 6.436334639134573e-06 465.06 0.1 0.007051574690100515 1.0646003908429228e-07 1.1418362535020698e-08
46506.0 0.0 1.0264646738965852 9.522944389891438e-08 2.0735010417423685e-06 6.806233962280215e-06 465.06 0.1 0.00685768655555864 1.0529066382982258e-07 1.170888109249872e-08
46506.0 0.0 1.0387343468587322 -1.6002993635577882e-07 2.0978766497675243e-06 6.263118261297678e-06 465.06 0.1 0.006941037160715273 1.0409786520703503e-07 1.0821092405030872e-08
46506.0 0.0 1.038348961273841 -1.511015282901791e-07 2.1188570938809514e-06 6.570104474076848e-06 465.06 0.1 0.006851459435219703 1.016558022018288e-07 1.1184203437568295e-08
46506.0 0.0 1.0338739145416382 -5.8459218392747576e-08 2.098824010356985e-06 6.2917783022143365e-06 465.06 0.1 0.006921816707548352 1.0399048153440949e-07 1.0963805185198805e-08
46506.0 0.0 1.0376286230062786 -1.3666858839571376e-07 2.089438207212705e-06 6.777599290021773e-06 465.06 0.1 0.00676192361805448 9.932072665399797e-08 1.1634233640091578e-08
46506.0 0.0 1.0358633753376312 -9.774838467517523e-08 2.0792028738362215e-06 6.157255642348521e-06 465.06 0.1 0.006762775467502397 1.0384579640206231e-07 1.080102018426533e-08
46506.0 0.0 1.035602522180525 -9.577867024174059e-08 2.097752826226093e-06 7.040966054765368e-06 465.06 0.1 0.006917777892525288 1.043537231872969e-07 1.1756197098315119e-08
46506.0 0.0 1.0387620911671938 -1.6001797679913735e-07 2.091151891227457e-06 7.195019529529662e-06 465.06 0.1 0.00678077969206435 9.953735502382271e-08 1.2018296245829613e-08
46506.0 0.0 1.020457509344405 2.2242636273869944e-07 2.087142063767989e-06 6.367548507044988e-06 465.06 0.1 0.006881259660064071 1.0655906928512196e-07 1.0918445014259815e-08
46506.0 0.0 1.027732473117649 6.86419975005323e-08 2.093607416921903e-06 6.007335536320862e-06 465.06 0.1 0.00729810344677488 1.1730009047343401e-07 1.071272330113026e-08
46506.0 0.0 1.0250607949318722 1.2482290797666084e-07 2.0952794166196948e-06 6.685711160552741e-06 465.06 0.1 0.006848268140633588 1.0751816007370056e-07 1.1314685954910325e-08
46506.0 0.0 1.0215865775683 1.983445110198953e-07 2.072820244221428e-06 6.167974198727778e-06 465.06 0.1 0.007065731483690275 1.1081853142774275e-07 1.0581793325828172e-08
46506.0 0.0 1.0248762552231974 1.296413470647669e-07 2.0747693240171026e-06 6.902595667312335e-06 465.06 0.1 0.006864925472715248 1.0598165621274582e-07 1.169579674595198e-08
46506.0 0.0 1.0362366004209562 -1.0784588284653372e-07 2.105538926074529e-06 6.5740326884220935e-06 465.06 0.1 0.007438155164818044 1.1214336759284348e-07 1.1797796980694204e-08
46506.0 0.0 1.0358967811942719 -1.01860750602555e-07 2.088840030168815e-06 6.82008795760118e-06 465.06 0.1 0.007001526532512886 1.06629491258825e-07 1.142581293079156e-08
46506.0 0.0 1.0194115386238503 2.4463881734360103e-07 2.0757271009743106e-06 6.1086556098745665e-06 465.06 0.1 0.0071572607595818865 1.1597048891063199e-07 1.1018571939995538e-08
46506.0 0.0 1.0327343027373102 -3.6004135408299443e-08 2.0989226588723526e-06 6.43679511354801e-06 465.06 0.1 0.006872330487643223 1.0389730991882683e-07 1.1016523800100639e-08
46506.0 0.0 1.0362774809077888 -1.0897179298006031e-07 2.08607979551848e-06 6.346254808811359e-06 465.06 0.1 0.006909127891358349 1.0379144484609383e-07 1.0876890427862846e-08
46506.0 0.0 1.0301372622104725 1.8970628150301396e-08 2.083461898266303e-06 6.38775937583542e-06 465.06 0.1 0.006852280960530102 1.0406175037224163e-07 1.0963117370263949e-08
46506.0 0.0 1.0329348142825456 -3.8839231019109254e-08 2.0932209315896636e-06 6.367149337708076e-06 465.06 0.1 0.006995699379339229 1.0751694311180196e-07 1.1065428622605936e-08
46506.0 0.0 1.0366751885217593 -1.158245855918897e-07 2.0921342264348825e-06 6.4899543207279325e-06 465.06 0.1 0.006994321252543513 1.0615288592569109e-07 1.136072034013586e-08
46506.0 0.0 1.0340252187983077 -6.280911309593916e-08 2.089883060259145e-06 6.6763925006085335e-06 465.06 0.1 0.006842689262777977 1.0489522357561379e-07 1.2243930268666683e-08
46506.0 0.0 1.020641705684055 2.1992574103495027e-07 2.0877183333656657e-06 6.8026242263674805e-06 465.06 0.1 0.006734939154695049 1.0343051264956021e-07 1.1444985112751154e-08
46506.0 0.0 1.015910166807813 3.1926182363332845e-07 2.095520568764557e-06 4.672191195635656e-06 465.06 0.1 0.0077152424504004675 1.3240790441384283e-07 9.918967046546127e-09
46506.0 0.0 1.0223951039926762 1.821074544934654e-07 2.088827962877006e-06 6.460019839365858e-06 465.06 0.1 0.007055322315266375 1.1215209872462747e-07 1.1260218557944687e-08
46506.0 0.0 1.0214215616070033 2.0184544487286535e-07 2.0895979331158037e-06 5.382924903703379e-06 465.06 0.1 0.00748599407903021 1.2440988305595085e-07 1.019589301988335e-08
46506.0 0.0 1.024423751963548 1.4063486405812975e-07 2.091740047090738e-06 6.155685984824839e-06 465.06 0.1 0.007273309644447948 1.1764539351776586e-07 1.0832437456721825e-08
46506.0 0.0 1.0384761376958165 -1.5444797504577583e-07 2.0760753059805165e-06 6.001986844153755e-06 465.06 0.1 0.007028820207771921 1.0816108707526197e-07 1.0624181625597747e-08
46506.0 0.0 1.03218461530613 -2.8498460138143494e-07 2.08806315865099e-06 0.00021999366015049463 465.06 0.1 0.0047317556952590385 9.879645799443997e-07 1.0192489409732653e-08
46506.0 0.0 1.0356933359049623 -9.687412499632672e-08 2.087898112726166e-06 6.674414138773628e-06 465.06 0.1 0.006973792898623114 1.058997462935004e-07 1.138463736555345e-08
46506.0 0.0 1.0347706825723513 -7.071321101209325e-08 2.0909361543396765e-06 5.9560595310959784e-06 465.06 0.1 0.029432551009450903 9.586209638513542e-07 1.4777562877154593e-08
46506.0 0.0 1.0347459438071385 -7.807711618288544e-08 2.0694020105204504e-06 6.209207671450048e-06 465.06 0.1 0.007111072122915039 1.0599747635476915e-07 1.0763680120461138e-08
46506.0 0.0 1.0279815647583934 6.454943621908622e-08 2.085044972714766e-06 6.706262821330308e-06 465.06 0.1 0.00676378005945445 1.021459058707092e-07 1.1275556027989436e-08
46506.0 0.0 1.0222695483369335 1.837042848134969e-07 2.085632330517239e-06 5.522324016649724e-06 465.06 0.1 0.007136807457813515 1.1450425644308453e-07 1.022597895496048e-08
46506.0 0.0 1.029129456170284 4.055001729785874e-08 2.1052077103405593e-06 6.41680542478009e-06 465.06 0.1 0.007025437288868955 1.0912563494689763e-07 1.1343453588727191e-08
46506.0 0.0 1.0417190650149064 -2.2116769262776998e-07 2.112760141495338e-06 7.0344918197097046e-06 465.06 0.1 0.006944726841547854 1.033380374988938e-07 1.1642929366396776e-08
46506.0 0.0 1.0222471815153706 1.8542424774347272e-07 2.085917143324849e-06 6.206986114015864e-06 465.06 0.1 0.006946267880312822 1.0908045131105231e-07 1.0864523458852124e-08
46506.0 0.0 1.036255599978474 -1.0726682953168988e-07 2.0920952058917183e-06 6.615772422652979e-06 465.06 0.1 0.006985273153299783 1.0605208965383414e-07 1.1348757231235129e-08
46506.0 0.0 1.0335238858572149 -4.94887628901292e-08 2.101298794666857e-06 1.3052114618715489e-05 465.06 0.1 0.005006149881567547 3.456111056457045e-08 1.2129672499569232e-08
46506.0 0.0 1.0360454657101374 -1.0336684087350127e-07 2.1000657907579384e-06 6.432356805719572e-06 465.06 0.1 0.00701240306280291 1.0700481322547626e-07 1.1208347102538281e-08
46506.0 0.0 1.042708169825883 -2.406241116309628e-07 2.0978302929514584e-06 6.77751710101631e-06 465.06 0.1 0.006879732203370564 1.0065522308350817e-07 1.143437580601629e-08
46506.0 0.0 1.0345526048238542 -7.285987749950819e-08 2.099744265769148e-06 6.456594971812535e-06 465.06 0.1 0.007021389960983329 1.0759204872043582e-07 1.1374698440894126e-08
46506.0 0.0 1.0323303223050746 -2.7204584542337366e-08 2.100326467235624e-06 6.121842786201795e-06 465.06 0.1 0.006958386083564602 1.064565465414016e-07 1.072627187474565e-08
46506.0 0.0 1.022639526298668 1.7669578800529156e-07 2.0923176961010316e-06 6.402751467663441e-06 465.06 0.1 0.007060057285069212 1.1222936337590924e-07 1.1310759385792788e-08
46506.0 0.0 1.0284722006405533 5.318399876542707e-08 2.0964067344211766e-06 6.282473312732284e-06 465.06 0.1 0.007009048797548897 1.0905299965673113e-07 1.0938036275427301e-08
46506.0 0.0 1.0225490960397263 1.7801610472079627e-07 2.1049462177714384e-06 6.1347577608614115e-06 465.06 0.1 0.0069704223933934875 1.097175161698819e-07 1.0795199358935155e-08
46506.0 0.0 1.0345353562834516 -7.310748148544671e-08 2.0860396269008127e-06 6.638116873687042e-06 465.06 0.1 0.0070037685149678675 1.0703734975221387e-07 1.1375970954604197e-08
46506.0 0.0 1.025693005380772 1.1186049240003706e-07 2.092750487116983e-06 6.3512591596863485e-06 465.06 0.1 0.007051386818184234 1.1114996426862276e-07 1.1188823782941291e-08
46506.0 0.0 1.0308315535153445 4.979950051001757e-09 2.063962805959172e-06 2.193022775224372e-05 465.06 0.1 0.004716522599471696 6.012505310260451e-09 9.725157499316952e-09
46506.0 0.0 1.037143601207101 -1.2687621048901356e-07 2.0764981056365967e-06 6.5275079839724874e-06 465.06 0.1 0.006810891725877289 1.0085982230779321e-07 1.103395208078736e-08
46506.0 0.0 1.0256608531848308 1.1219233175096042e-07 2.0897550198870246e-06 6.589137428586349e-06 465.06 0.1 0.0069815355690319115 1.0937036956861908e-07 1.1490132542052168e-08
46506.0 0.0 1.0260942740506713 1.0279231882322525e-07 2.0863640119095233e-06 6.484944225302665e-06 465.06 0.1 0.006837588653192737 1.0471007230389962e-07 1.1067933047980542e-08
46506.0 0.0 1.0217441606105797 1.9451267106518142e-07 2.063523487255698e-06 6.243074882680756e-06 465.06 0.1 0.0072783643001303805 1.1861442196684818e-07 1.0857370027627414e-08
46506.0 0.0 1.02629917392428 9.903615993115861e-08 2.081000179956222e-06 6.354841214164092e-06 465.06 0.1 0.006978517125021973 1.0716134275725156e-07 1.0928071566114986e-08
46506.0 0.0 1.0247489979326208 1.3410105239663352e-07 2.0904001587680356e-06 6.551277719607334e-06 465.06 0.1 0.006830122791871969 1.0496940685949943e-07 1.1214439802026983e-08
46506.0 0.0 1.0270481028151848 8.358278260911662e-08 2.0854595101312817e-06 7.008080070886062e-06 465.06 0.1 0.006791715733882399 1.0320645741591743e-07 1.1943115904526288e-08
46506.0 0.0 1.0437170500267074 -2.6117403823939034e-07 2.10289594393363e-06 6.49457530377144e-06 465.06 0.1 0.007004158086943516 1.0441884781878971e-07 1.1287715518617852e-08
46506.0 0.0 1.0264663149842792 9.61726004505018e-08 2.0943437414043534e-06 6.387939198119714e-06 465.06 0.1 0.006843072561706443 1.0520404265597245e-07 1.08960744322353e-08
46506.0 0.0 1.0132056252986192 3.780798774319216e-07 2.0802787576751997e-06 6.23575701466545e-06 465.06 0.1 0.007085538008639388 1.1586990371805524e-07 1.1148906623163361e-08
46506.0 0.0 1.0282185304198326 5.956913447249198e-08 2.0959791125117396e-06 6.432397820658488e-06 465.06 0.1 0.006856222231131339 1.0474552254640598e-07 1.1037641992700997e-08
46506.0 0.0 1.028851011638872 4.4939455091504915e-08 2.0939500274340284e-06 5.854723449871986e-06 465.06 0.1 0.007238846825308682 1.1532080996449095e-07 1.0772571809251897e-08
46506.0 0.0 1.0207831996194359 2.159797977113655e-07 2.092664087587058e-06 6.2434278701455405e-06 465.06 0.1 0.007219080008895264 1.1726371417900754e-07 1.1085598966695846e-08
46506.0 0.0 1.027124898084463 8.190566092999648e-08 2.0914434243440372e-06 6.385969281661284e-06 465.06 0.1 0.007027891738083337 1.0989317241963846e-07 1.110443489900345e-08
46506.0 0.0 1.0273869026583404 7.624368486957826e-08 2.0890155161982372e-06 6.2431320269129596e-06 465.06 0.1 0.007131453254990712 1.1441931449469165e-07 1.0995788437454593e-08
46506.0 0.0 1.0406661674817361 -1.9955300110231053e-07 2.1163136150628315e-06 6.132305884629459e-06 465.06 0.1 0.007192593453197944 1.1050525118717702e-07 1.09666190951823e-08
46506.0 0.0 1.0252728242314206 1.1958524524196416e-07 2.0773329228734504e-06 6.717504254450101e-06 465.06 0.1 0.0069486488764419225 1.0826575468917605e-07 1.1547237660088248e-08
46506.0 0.0 1.0312554265279104 -8.887098944298719e-09 2.090559150181961e-06 3.0281850051896386e-05 465.06 0.1 0.004718106712595776 5.307566523370526e-08 9.919674020391627e-09
46506.0 0.0 1.0399604446022566 -1.8254260396423302e-07 2.106198435769521e-06 6.387370353312958e-06 465.06 0.1 0.006835294353006062 9.244990185163552e-08 1.1104649494051969e-08
46506.0 0.0 1.0301433664114221 1.8613289038128542e-08 2.1072835646264633e-06 6.687405742096893e-06 465.06 0.1 1.000000059604643 1.000004430980074 1.0000044309800802
