p_t g_t p_thr g_thr p_c g_c d_pg d_gm t_pgm m_t m_thr
780 950 141 120 1420 1548 683
780 950 253 153 128 815 51
780 950 200 183 418 466 131
780 950 151 209 1117 269 133
780 950 234 192 218 372 65
780 950 212 201 378 334 106
780 950 238 224 192 197 37
780 950 187 171 563 518 176
800 950 237 167 373 557 126
800 980 187 173 1088 1115 466
800 980 212 190 635 820 236
800 980 230 205 415 586 144
800 980 249 248 304 300 80
800 980 253 254 264 293 81
800 950 175 206 1298 270 160
780 950 230 180 231 480 79
780 950 173 254 727 108 52
780 950 222 242 240 151 30
780 950 211 176 302 526 122 75 64
780 950 125 217 2058 nan 136 72 63
780 950 116 217 2532 nan 129 86 74
780 950 106 217 3314 nan 130 68 62
780 950 96 217 4252 nan 143 68 66
780 950 85 217 4889 nan 160 82 80
780 950 76 217 5300 nan 174 88 85
780 950 66 217 5642 nan 137 74 73
780 950 54 217 6422 nan 163 92 93
780 950 48 217 6932 nan 182 83 82
780 950 60 217 6004 nan 410 199 195
980 950 150 215 16592 nan 188 82 81
880 950 224 215 4087 nan 155 73 73
880 950 205 215 4720 nan 162 80 75
880 1050 194 215 5059 2496 nan 1023 1012 1150 254
880 1050 175 187 5263 3488 nan 1388 1376 1150 254
880 1050 166 174 5557 4207 nan 1658 1649 1150 254
880 1050 158 163 5559 4528 nan 1667 1652 1150 254
880 1050 148 148 5784 4847 nan 2671 2662 1150 189
880 1050 138 136 5893 5155 nan 2676 2660 1150 191
880 1050 121 123 6389 5543 nan 3420 3395 1150 76
880 1050 108 114 7130 5593 nan 3450 3428 1150 50
880 1050 98 104 7936 6001 nan 3558 3562 1150 40
880 1050 89 94 9751 6359 nan 3636 3598 1150 40
880 1050 79 81 13408 7102 nan 3590 2493 1150 35
880 1050 239 68 1411 9762 nan 3752 623 1150 26
880 1050 253 49 1635 19373 nan 3835 1086 1150 26
880 1050 253 205 1213 3033 nan 1972 1357 1150 26
880 1050 223 247 2270 1714 1047 1003 1150 26
880 1050 42 254 57268 1570 968 957 1150 26