N A a b tau e err_N err_A err_a err_b err_tau err_e
45193.596235577774 0.0 0.9977105566424864 1.4648825397880488e-06 2.083921849332197e-06 6.502258483613907e-06 2773.0122166347974 0.1 0.061365668770879296 2.3378334106268093e-07 2.5394825333676424e-08
45110.01348211224 0.0 0.9952857640306846 1.5379558384824933e-06 2.061455704140155e-06 6.485682008811499e-06 2764.2329328626756 0.1 0.06113781981303124 2.3410493644138834e-07 2.495155592712538e-08
45088.81600183793 0.0 0.9943526141660194 1.5898113795538874e-06 2.0768746158520168e-06 6.477170117730761e-06 2756.08667445896 0.1 0.06092218067446329 2.2927237384033894e-07 2.392281655679459e-08
45268.255836001095 0.0 0.9997991378919738 1.4099815138137787e-06 2.1103327548004207e-06 6.503262302905515e-06 54567.39436401603 0.1 1.2051607286960677 1.7145555521727214e-06 2.6287253483261443e-08
45057.05211792858 0.0 0.9932886125353917 1.6417502347839127e-06 2.0847405372169536e-06 6.448615108540722e-06 133358.6825790984 0.1 2.9394258173651973 4.873995889563221e-06 2.4617739657805273e-08
45173.748641098886 0.0 0.9968540678714279 1.5134620126412197e-06 2.0970375564417517e-06 6.488789242917148e-06 2767.2488578692573 0.1 0.06120751031696812 2.3694409583365383e-07 2.5667067012882593e-08
45249.033318532725 0.0 0.9994859764950034 1.3887423368174463e-06 2.079263988488887e-06 6.4895344533335e-06 2782.956466362186 0.1 0.06160847884961296 2.310193920760014e-07 2.5301096762707668e-08
45361.55641916949 0.0 1.002797819126155 1.281391237546727e-06 2.0990201063498056e-06 6.479626853696096e-06 114159.84608596037 0.1 2.523297457125103 3.240148510069448e-06 2.598909384257432e-08
45418.74705802997 0.0 1.0045168736297072 1.2240276230159738e-06 2.109871783440366e-06 6.533134877213483e-06 2806.4405207265136 0.1 0.06219346152286753 2.2456248907016794e-07 2.574630332253959e-08
44888.22129949218 0.0 0.988412618273153 1.796275835325148e-06 2.0411098351448516e-06 6.494694352141124e-06 262.5235828565839 0.1 0.00722424307829529 2.1794186459561463e-07 2.517993707164056e-08
45242.68408472089 0.0 0.9990024851162367 1.4339057859158254e-06 2.103537310410885e-06 6.514951814943654e-06 2777.2240540305324 0.1 0.06146834040521471 2.336862363113581e-07 2.571446368288565e-08
45373.84792653447 0.0 1.003064693388198 1.2862703910708746e-06 2.1144096020289634e-06 6.485074595051917e-06 2797.267882147469 0.1 0.0619735218925686 2.2902203023940624e-07 2.5926802311066733e-08
45279.63731955412 0.0 1.0003163783670357 1.3674806769846688e-06 2.0902990285258846e-06 6.47700467249014e-06 2786.614677650137 0.1 0.061682544301184854 2.184030576297408e-07 2.3957787226292088e-08
45047.57804794371 0.0 0.99292555382819 1.6568195039358878e-06 2.0861131053985254e-06 6.473197583734327e-06 2746.247017243069 0.1 0.06068696185917668 2.3696170927035066e-07 2.435666169624383e-08
45453.803672141934 0.0 1.0054434728153607 1.2128268222422997e-06 2.131544091020218e-06 6.51097777970774e-06 2807.4559133825146 0.1 0.0622266251074868 2.252454688067184e-07 2.6046123868041098e-08
45462.748258095584 0.0 1.0059078673575146 1.1636362819295024e-06 2.1041397046653324e-06 6.476433459514727e-06 2814.93918423627 0.1 0.06238413716056973 2.098964939027749e-07 2.403613778496047e-08
45286.45882520969 0.0 1.000492568579947 1.3676010330728835e-06 2.096365982311667e-06 6.433914150084886e-06 2782.841901247379 0.1 0.0616044145648003 2.2429042259163454e-07 2.4295954631351816e-08
45199.396821148206 0.0 0.9978787115316906 1.4560782911832251e-06 2.082845018067144e-06 6.506986031330085e-06 2774.5901209112653 0.1 0.061398081607547735 2.329521135778615e-07 2.537959553954843e-08
44970.380504511784 0.0 0.9907571353926286 1.7094813660007757e-06 2.0528727307468965e-06 6.4423991740345455e-06 2738.642097299683 0.1 0.06049150018148762 2.376125827766345e-07 2.3891433823188402e-08
45506.209376812745 0.0 1.0071987589133864 1.1216729570843573e-06 2.1110646655683172e-06 6.453349925687424e-06 2818.919309450459 0.1 0.06249753480604039 2.1259501730227555e-07 2.440039487831076e-08
45460.11873512785 0.0 1.005941158222984 1.144170964874968e-06 2.08851666217537e-06 6.497110751002441e-06 2817.744097225392 0.1 0.06246398517828894 2.1855642245315298e-07 2.5200513102706846e-08
45364.76887018019 0.0 1.0029098277652653 1.2743301984819188e-06 2.0990996555141444e-06 6.477271686086653e-06 254.8488398224485 0.1 0.006944728096130284 1.98763081358739e-07 2.4197813832832532e-08
45449.985684420906 0.0 1.0054033162505978 1.2019535924274663e-06 2.120563135266446e-06 6.455475293144118e-06 2807.418105376179 0.1 0.06221428466375326 2.1703071728777194e-07 2.461003111521477e-08
45309.720370695024 0.0 1.0011978255507628 1.3425185069357794e-06 2.099309099430635e-06 6.492451188589011e-06 2789.798591839951 0.1 0.061781503234804566 2.289069758754062e-07 2.5554107638349833e-08
45311.00026400328 0.0 1.0014744889255272 1.3061549399263677e-06 2.0753000648689657e-06 6.4980713680765286e-06 68286.49201254385 0.1 1.509129881766858 1.9832128714330995e-06 2.5472563536209806e-08
44852.21281369854 0.0 0.986712536280981 1.8924905791601224e-06 2.070750820411875e-06 6.488921958559951e-06 46026.48853171364 0.1 1.0124596007275146 1.9579134729860472e-06 2.598291047535196e-08
45242.33811289857 0.0 0.9991530944994398 1.4148002789439241e-06 2.0914344801770724e-06 6.493921603208186e-06 2780.213382828799 0.1 0.06154261572048135 2.308921007303678e-07 2.541140438809726e-08
44996.11789083902 0.0 0.9914043660256122 1.6944808453349614e-06 2.065067856810771e-06 6.435594088084605e-06 39377.435814584445 0.1 0.8675561363439608 1.5001476872228975e-06 2.4453862600288727e-08
45490.89024258312 0.0 1.0064756880254053 1.1953302957585082e-06 2.151371060995921e-06 6.485441351895056e-06 2811.3028280024346 0.1 0.06232452044817123 2.243877077688507e-07 2.637963627162328e-08
45250.9762451443 0.0 0.9991768589058684 1.4367069592120658e-06 2.1133357551954642e-06 6.441132938727266e-06 28391.22849266491 0.1 0.6269147501018819 9.268607395671989e-07 2.5086105031139086e-08
45332.83688040115 0.0 1.001790863144557 1.3340053775953943e-06 2.112597789727632e-06 6.450976106460466e-06 38147.814453447034 0.1 0.8429076473435189 1.1444376592404476e-06 2.487955608634651e-08
45266.45123004478 0.0 1.0001776916195173 1.3452830738405523e-06 2.0638336091618992e-06 6.477251265946701e-06 2789.9042197667836 0.1 0.0617573687237641 2.1606512200930989e-07 2.3576123471171945e-08
45072.15646299784 0.0 0.9938622878846022 1.6156511578352099e-06 2.0801514687778817e-06 6.502338445002304e-06 2753.0182103366965 0.1 0.060861895363007124 2.415596744224643e-07 2.5495804604456124e-08
45259.821775186996 0.0 0.999735760733818 1.3832075858367667e-06 2.0838509169726843e-06 6.5214472981783565e-06 2784.5757919000876 0.1 0.06164661307290704 2.2927465238910642e-07 2.5331653499488275e-08
45451.17475747978 0.0 1.0054511229043113 1.1972989708986014e-06 2.118767679706415e-06 6.504892002256577e-06 2809.252182438732 0.1 0.06226766366791182 2.246710668884225e-07 2.5863277686272652e-08
45443.40385235118 0.0 1.0050911703276362 1.230501319771456e-06 2.134714769022097e-06 6.485149037956127e-06 2805.25104824286 0.1 0.06217299895756797 2.26963775559719e-07 2.617602849087882e-08
45264.284126573875 0.0 0.9996463942302916 1.4142682090454828e-06 2.1091084732414895e-06 6.512113176782824e-06 2780.0611152093625 0.1 0.06153629626604688 2.3299657258147778e-07 2.5801120205799786e-08
45193.09070885801 0.0 0.9975462699161265 1.4797555316214517e-06 2.0917779752175137e-06 6.476785569258823e-06 264.96140041664216 0.1 0.007246352581859351 2.050568782543092e-07 2.392265522243321e-08
45097.4702423861 0.0 0.9949381190185987 1.5527161908794475e-06 2.0586586282193868e-06 6.497310935628236e-06 2761.47975536337 0.1 0.061072423414179275 2.3574424707190634e-07 2.4982143962270993e-08
44973.51578935522 0.0 0.9908463119997706 1.7211069427273789e-06 2.0654367288535987e-06 6.504623922762336e-06 68756.35089539865 0.1 1.514534527890297 2.6468736607442664e-06 2.5666845310890206e-08
45738.46842021837 0.0 1.0140639498346304 8.955477712572444e-07 2.1450543474521433e-06 6.419650565957832e-06 2849.7960436055932 0.1 0.06326667378468015 2.0540477544203564e-07 2.4780090411389933e-08
44987.96861533818 0.0 0.9913966167437485 1.6966635979559385e-06 2.0612963170044085e-06 6.438757709650806e-06 2740.2741906561496 0.1 0.06052918631873711 2.3789824225413713e-07 2.4042383445590643e-08
45059.27245407651 0.0 0.9935230654187469 1.6127247468181426e-06 2.066926784622521e-06 6.4833347358927725e-06 2753.994946257468 0.1 0.060879241573216274 2.390745543092026e-07 2.512489431534922e-08
45311.8539424182 0.0 1.001211096282241 1.345559003941371e-06 2.102431518244928e-06 6.520634638870464e-06 2789.146391440746 0.1 0.061763380383214786 2.2914217590514888e-07 2.5580453934753774e-08
45167.043338560245 0.0 0.996887486375765 1.4845009557925091e-06 2.0728105098117534e-06 6.4774702835263566e-06 255.75685370237645 0.1 0.007017121276516904 2.109970415585726e-07 2.4394680347313484e-08
45301.640682722726 0.0 1.0007870481376158 1.3754071506305545e-06 2.1140539000912173e-06 6.477320728678876e-06 260.5149769219757 0.1 0.007156638441652797 2.0676595232445817e-07 2.458719106965138e-08
44657.27183435837 0.0 0.9811662848788664 2.0690578893554267e-06 2.0153501152326874e-06 6.4596254631987475e-06 60828.19079178872 0.1 1.33630820028542 2.830421078821878e-06 2.3744858192664443e-08
45454.3843249363 0.0 1.005609942159817 1.18199561568408e-06 2.1103000395453865e-06 6.496759945683963e-06 2812.442087062237 0.1 0.062341701076788096 2.2230294578926444e-07 2.569627209689763e-08
45398.967239531805 0.0 1.0038108715718215 1.2633675252665307e-06 2.1196479089616726e-06 6.475642916144651e-06 2800.6950184581287 0.1 0.06203894244053005 2.1577005545786148e-07 2.438919405211042e-08
45270.07132094329 0.0 0.9998346480776393 1.4066351860503626e-06 2.106332166209504e-06 6.4693419215489036e-06 2778.5153884985407 0.1 0.06150307013645253 2.278727178595529e-07 2.457240551305382e-08
45538.22094413788 0.0 1.008096929291902 1.1007738933814191e-06 2.1240694388298416e-06 6.515112359843529e-06 2823.3439993129505 0.1 0.0626098428879836 2.1947967175567939e-07 2.5794009876734818e-08
44899.5241359492 0.0 0.988608651189201 1.794657497594582e-06 2.0486165570430106e-06 6.468750727188675e-06 2728.273833336153 0.1 0.060231929926911246 2.4163343582745e-07 2.3862070812506443e-08
45341.57356792658 0.0 1.0023387877952663 1.281102463868452e-06 2.084013813351883e-06 6.497952322921018e-06 52973.27967133857 0.1 1.1709336084418194 1.5144258629669659e-06 2.566248843744443e-08
44998.65232863901 0.0 0.9913458010549427 1.7240732186555613e-06 2.088627751373839e-06 6.5031337545904945e-06 30660.49648647149 0.1 0.6754908888147176 1.1966343190244803e-06 2.615764081041124e-08
45693.90286062362 0.0 1.0126688363050231 9.643930051631366e-07 2.1571983558314305e-06 6.4877501165166205e-06 2843.8078474413064 0.1 0.06312395049781432 2.1579812448636715e-07 2.6388684595349065e-08
45373.650574944855 0.0 1.003200136776967 1.2630372042635192e-06 2.0986117516281063e-06 6.489844962882282e-06 2801.422315633946 0.1 0.06206483535088029 2.24264394220135e-07 2.545325508683717e-08
45359.532521106215 0.0 1.0026998842223975 1.2918514879509363e-06 2.1062577670437716e-06 6.495273339616511e-06 2796.679627057235 0.1 0.061950211772536595 2.2738156860231701e-07 2.5672002057656395e-08
45123.544704270076 0.0 0.9956149458853694 1.5350144038758814e-06 2.0719047898595097e-06 6.476697427674563e-06 251.94277815486151 0.1 0.0068152035772590545 1.948816066396273e-07 2.3416976080405634e-08
45221.77852441602 0.0 0.9984155916129082 1.450898339390851e-06 2.097543242144625e-06 6.485979862770314e-06 2775.4676777594723 0.1 0.06141360652457949 2.3434147900470316e-07 2.5641375422532484e-08
45218.0755521607 0.0 0.9985659749285543 1.4213478934941087e-06 2.0748058069743718e-06 6.453462907687606e-06 2777.2263801688687 0.1 0.061459216912789265 2.2422958371088591e-07 2.400475370112195e-08
45162.81157077009 0.0 0.99680273567894 1.4872901531202375e-06 2.0721387150198976e-06 6.483073160648287e-06 59936.796875083506 0.1 1.3226771945227842 1.990084833686771e-06 2.5493230410570875e-08
45739.18855378425 0.0 1.013894019625869 9.217355984889543e-07 2.163000479607225e-06 6.477136772937486e-06 202373.03207061946 0.1 4.485169188544386 4.098237389815568e-06 2.530820192713124e-08
45380.46396928902 0.0 1.00329379265395 1.2753333759131334e-06 2.1104803073964074e-06 6.441236430376355e-06 2795.9336419211772 0.1 0.0619357484896155 2.2175161741374645e-07 2.460227625582429e-08
45389.54495846911 0.0 1.0036416628195768 1.2528906764214111e-06 2.1052114552147914e-06 6.477618168725695e-06 26186.778850736384 0.1 0.5790245789441799 7.515935114637389e-07 2.4544460565138277e-08
45008.67210877751 0.0 0.9919435893475856 1.6802866806392534e-06 2.0686147912248423e-06 6.497266793461877e-06 44187.358520983405 0.1 0.9736362885380456 1.6691775791223653e-06 2.5599154793658823e-08
44950.20115805397 0.0 0.9903556345532588 1.7176371125931044e-06 2.0428119533233305e-06 6.488182946247318e-06 80823.15205466218 0.1 1.780509084925641 3.1008212914276914e-06 2.5152102166894086e-08
45133.34783972179 0.0 0.9956030534061674 1.5555841400745273e-06 2.0917800096509544e-06 6.477351431121084e-06 260.8349324259056 0.1 0.007208840443105425 2.1176469427745111e-07 2.5296705948536684e-08
45049.59404269348 0.0 0.9931853282234013 1.6437613373780453e-06 2.0807814934890922e-06 6.424458664505247e-06 2746.694941504446 0.1 0.06069954084280081 2.3679153434120657e-07 2.4344138615976832e-08
45562.047631135414 0.0 1.008857745151374 1.0655867262573756e-06 2.1181444594089455e-06 6.563826202316647e-06 78344.5292357168 0.1 1.73461713297986 1.8468019804042054e-06 2.6002740397965772e-08
45237.046565874625 0.0 0.9990773033070556 1.4077525550196167e-06 2.0819880003429474e-06 6.484820467056839e-06 2781.8062624917884 0.1 0.0615729898792171 2.2976905267347336e-07 2.5260368854781625e-08
45625.62699991598 0.0 1.010682788589905 1.0165053220773836e-06 2.1372296556141448e-06 6.449204725472852e-06 2832.160996820902 0.1 0.06283185176983169 2.1147654372212912e-07 2.4782708041499238e-08
45450.572590422446 0.0 1.0054302692152497 1.1986185630377848e-06 2.118697226593825e-06 6.4859542820563914e-06 2810.0537167137377 0.1 0.06228654536687503 2.237265913341475e-07 2.5837289056598617e-08
44957.00850305434 0.0 0.9902905884186922 1.7330718283917615e-06 2.0576535370284088e-06 6.476927533152395e-06 266.22879314446266 0.1 0.007407587580227724 2.2404931115509807e-07 2.4953425680920623e-08
45614.6254479477 0.0 1.010363543496817 1.0253691083062589e-06 2.1348540995491485e-06 6.4712779296774435e-06 2832.231565653457 0.1 0.06283148309368315 2.1104279025014624e-07 2.4726992614787545e-08
45278.39565318967 0.0 1.0000344183033918 1.4058051144943988e-06 2.1152745934448904e-06 6.460779087531745e-06 2778.5299701711047 0.1 0.061501264926282107 2.2776544547551723e-07 2.4708297440075826e-08
44725.941373226364 0.0 0.9829723228628953 2.0037352053770534e-06 2.0288684156368862e-06 6.479129236310812e-06 2704.668375706621 0.1 0.0596317839351656 2.562611027213747e-07 2.4819334284286322e-08
45183.009321470476 0.0 0.9972670658508321 1.4836619649810869e-06 2.0864496136703947e-06 6.432805360159333e-06 2767.5762597992307 0.1 0.06122372942447663 2.2864689344161064e-07 2.4212316616023495e-08
45345.91547336592 0.0 1.0023351319518632 1.2963202328372983e-06 2.0976174663906703e-06 6.4698735968057655e-06 263.03145788344193 0.1 0.007194567398375302 2.0976460479931423e-07 2.4697183185575193e-08
45296.301384469305 0.0 1.0007573035788089 1.3606513480087982e-06 2.0978636253013967e-06 6.468681564514135e-06 2784.299574361397 0.1 0.061645793326320864 2.2611851937987693e-07 2.4465847585308677e-08
45258.88979072073 0.0 0.9994399384355813 1.4257925012026185e-06 2.1120730628276537e-06 6.477488238605791e-06 2777.6172838164052 0.1 0.061468270269875114 2.2473170848100492e-07 2.4484477867512115e-08
44978.26332204253 0.0 0.9907591849224807 1.7296031185095583e-06 2.072321456546624e-06 6.469475574761651e-06 2736.1866531030632 0.1 0.06042799146923384 2.4083784042860924e-07 2.4200272523198334e-08
45460.7418816846 0.0 1.0056999286692065 1.1957496141314013e-06 2.1251152417846476e-06 6.456155991935817e-06 2806.9993623270148 0.1 0.06219982536613875 2.1876390259503623e-07 2.4676831876974555e-08
45211.289606065184 0.0 0.998172276531463 1.447926583119814e-06 2.0844841022416503e-06 6.473085584056815e-06 254.39496659862402 0.1 0.006988748288043288 2.0333874772777794e-07 2.390081061887422e-08
45094.34498956679 0.0 0.9944346590704446 1.59798412666798e-06 2.0869414094616284e-06 6.481002703509195e-06 251.31975050486773 0.1 0.006886566730403092 2.0244027547349544e-07 2.4548154213751304e-08
45247.58693870893 0.0 0.999451502495148 1.391122995003123e-06 2.080158959381849e-06 6.501009997614071e-06 97236.85593205072 0.1 2.1475512953619695 3.002690607448068e-06 2.559429143903123e-08
45405.31393741918 0.0 1.0041733834245605 1.225933794746973e-06 2.098099687514295e-06 6.443435896197855e-06 2803.3760200898955 0.1 0.06211215710926644 2.1741517465269089e-07 2.4274696730136385e-08
45153.19897490767 0.0 0.9964620160155374 1.5014445397375453e-06 2.0727860573708094e-06 6.516985490816906e-06 2768.3895879658626 0.1 0.06123927808435484 2.3441741180811208e-07 2.521149237061938e-08
45475.71079002859 0.0 1.0061425347071018 1.1822346145805577e-06 2.128394821819362e-06 6.474840539287548e-06 176.6959055155252 0.1 0.004182526501725923 6.75369758885421e-08 1.3036226514466844e-08
45170.89682138706 0.0 0.9968648605890389 1.508675504043772e-06 2.0934784190790533e-06 6.478854886474432e-06 269.17449940251896 0.1 0.0074501660833343995 2.245672183809446e-07 2.641110991756324e-08
45251.600749585545 0.0 0.9993955826801304 1.4097112816626019e-06 2.0951030761829564e-06 6.4771817060467324e-06 2780.6476530503774 0.1 0.06153729253617685 2.215781372082911e-07 2.415225929312294e-08
45316.64641093988 0.0 1.0013079745761762 1.3524911001332894e-06 2.110219565831669e-06 6.501443775562805e-06 45811.50657847973 0.1 1.0122597676512841 1.3846419037878354e-06 2.6246052538019842e-08
45450.00816850162 0.0 1.0055270868345167 1.176106893562018e-06 2.1020812392900063e-06 6.482434372412549e-06 2813.0045336385906 0.1 0.0623527277028455 2.2170837344748448e-07 2.5480176208500803e-08
44941.20151317958 0.0 0.9899693803053722 1.7418717033107213e-06 2.050761641683326e-06 6.511314648701041e-06 2736.829647816594 0.1 0.06045380183136034 2.445307636774689e-07 2.5001760024381685e-08
45355.27378897417 0.0 1.001586021970995 1.3009575881819895e-06 2.091876127091273e-06 6.477476991408093e-06 358385.0737738636 0.1 7.912931827498854 1.030806331815054e-05 2.437987526746039e-08
45311.30715112124 0.0 1.0013106853399003 1.3290286157379766e-06 2.0914238115522685e-06 6.477331573448724e-06 33780.988404163414 0.1 0.7463494258330781 1.0152256847597992e-06 2.4364506825766956e-08
45293.95362150648 0.0 1.000815653419792 1.34753815313692e-06 2.0892470492471284e-06 6.467411833203847e-06 2786.761972588324 0.1 0.06170104723918055 2.2336189648202134e-07 2.425059573207447e-08
45288.55813382157 0.0 1.000661826087149 1.3501909878395264e-06 2.0867712296255484e-06 6.501253886395987e-06 68800.8211330677 0.1 1.520116872637971 2.0637011870697383e-06 2.5690805754165018e-08
45492.69148716061 0.0 1.0066511517508763 1.1654577631496242e-06 2.1316337010488427e-06 6.4738180090379515e-06 2812.385833545732 0.1 0.06234206846385302 2.1709031015590706e-07 2.4775686080727284e-08
45179.46134736016 0.0 0.9974552719337918 1.4673499732547179e-06 2.0751863006732293e-06 6.423263150914909e-06 2770.109440415017 0.1 0.06128622634754396 2.262905793313823e-07 2.399001261170133e-08
45453.637169646616 0.0 1.0055167902847197 1.1969834286505899e-06 2.1209330698122736e-06 6.469883459436893e-06 45183.13583547961 0.1 0.9993759812676808 1.2109665112086328e-06 2.4916363035195866e-08
45398.278291786286 0.0 1.0039465962877998 1.2354519363526332e-06 2.0998940648998184e-06 6.4870519509060115e-06 2804.4174140699943 0.1 0.06214070449306537 2.2448795573262046e-07 2.5487627904658614e-08
45205.71866513364 0.0 0.9981023891142995 1.4444510358934936e-06 2.0798563763085562e-06 6.50772894177977e-06 2775.7965127022203 0.1 0.06142823267357957 2.3270645963935155e-07 2.53240437740707e-08
45282.13292277537 0.0 1.0002824178081275 1.380839060180139e-06 2.101573755891424e-06 6.514017158681638e-06 2784.3939204383696 0.1 0.06164544548719171 2.3088025558840103e-07 2.5622987824324245e-08
45332.430072268704 0.0 1.0018419001608174 1.32489271100715e-06 2.1055809027630176e-06 6.472284721011076e-06 2790.9629004694198 0.1 0.06180208610921391 2.2109672131749453e-07 2.4348507070073352e-08
44904.1081371042 0.0 0.9884980522588697 1.7996753493741007e-06 2.0525500355479195e-06 6.530973934227182e-06 2729.9327031506346 0.1 0.060268254744763786 2.4650276534688563e-07 2.4975589523296345e-08
45073.549728174796 0.0 0.9940315354875809 1.588655626343301e-06 2.0621045006695397e-06 6.516225905600143e-06 2757.17518861014 0.1 0.06095689724158268 2.3709155136213822e-07 2.5046399910202705e-08
45382.302273390495 0.0 1.0034259482625068 1.259109791771329e-06 2.1025979052379806e-06 6.507647885713328e-06 2801.431656301855 0.1 0.06206434842194594 2.2496420905839262e-07 2.5546448166373745e-08
45063.11680430887 0.0 0.9935441382109232 1.6164404761615357e-06 2.0720255419712923e-06 6.463743412984832e-06 43633.60171453966 0.1 0.9619174797699734 1.5825075230801492e-06 2.4506681812400033e-08
45158.918168894925 0.0 0.9966270959100116 1.5049585094830971e-06 2.0803945287887944e-06 6.467596103764809e-06 2766.2842189735334 0.1 0.061192457750255884 2.2827966757397942e-07 2.409517807645915e-08
45321.94546568681 0.0 1.0014197963583633 1.3149879502218913e-06 2.0861777422552517e-06 6.477399255324818e-06 21665.366373132125 0.1 0.4789421449952672 6.556332005366467e-07 2.409988736166929e-08
45156.85562393998 0.0 0.9965114480020137 1.5155089306380008e-06 2.087184671271656e-06 6.49923599142597e-06 118144.99743876506 0.1 2.6068173053707233 3.979120127289401e-06 2.6016978136500356e-08
44981.79225212854 0.0 0.9909403126747084 1.7201329825434964e-06 2.0699494243601842e-06 6.4475696098851715e-06 2737.30986835655 0.1 0.06046519304042109 2.389871109582497e-07 2.4146037276381923e-08
45318.61009802719 0.0 1.0014619392782054 1.3344404123852356e-06 2.1010144845097786e-06 6.502243005541269e-06 2790.525547829656 0.1 0.06179905009694606 2.2935944509546856e-07 2.5626404017040963e-08
44743.82650869937 0.0 0.9835798210283168 1.9760029985200074e-06 2.0264189461702575e-06 6.489369944585506e-06 39029.923240439646 0.1 0.857815460988148 1.7420392518669196e-06 2.494300769259932e-08
45142.62476816013 0.0 0.996084656909668 1.5229154491278762e-06 2.0780845408802933e-06 6.477364090941859e-06 261.40727524359136 0.1 0.007178407566272793 2.0859255604988074e-07 2.3284056506642563e-08
45035.10296666491 0.0 0.9927960901737657 1.6435257795979712e-06 2.067590634247226e-06 6.483366541972544e-06 41185.1893788117 0.1 0.9076653797243505 1.5250478720921077e-06 2.5605931943149285e-08
45059.97504261009 0.0 0.9935976086480439 1.6139917070057486e-06 2.0699986554904333e-06 6.49824819309044e-06 33277.30951162216 0.1 0.73386215398059 1.2114369279078118e-06 2.570652978122211e-08
45267.665473789355 0.0 1.0000181107439827 1.3715214386044505e-06 2.08311536079867e-06 6.469815191711909e-06 2783.795938841842 0.1 0.06162388360138313 2.2350203409555998e-07 2.4124130426546836e-08
45252.24805508618 0.0 0.9993550973355908 1.4142932692733784e-06 2.0988630749790803e-06 6.477310709602438e-06 259.47046656568966 0.1 0.00713516263799959 2.092301776561041e-07 2.4362418032424038e-08
44882.783744868044 0.0 0.9881032551087823 1.8120475416892372e-06 2.045608332201631e-06 6.493278942882418e-06 2728.3094432994358 0.1 0.060221712600781525 2.472321190079944e-07 2.4884155979476947e-08
45246.45266484063 0.0 0.9994402619485532 1.3874499570715981e-06 2.076099624645428e-06 6.467323905074804e-06 2782.15871436224 0.1 0.061580912546918685 2.2273992895707015e-07 2.3981080976997974e-08
45122.84377864072 0.0 0.9956312134524513 1.5246225287833024e-06 2.062534729634244e-06 6.4482781355181865e-06 108514.31569883239 0.1 2.3941207748490894 3.677576280411934e-06 2.4240966819644558e-08
45522.85239591487 0.0 1.007636927213915 1.1170242942557145e-06 2.1224577558758725e-06 6.5004181964738506e-06 2821.6476766951964 0.1 0.06256689322361643 2.1968862400919263e-07 2.5806795972191957e-08
45347.11279344961 0.0 1.0023948716303035 1.2928101283528505e-06 2.094882179194601e-06 6.476068732634377e-06 256.6095347612092 0.1 0.006947237740305404 2.0217884600927927e-07 2.374183873089525e-08
45276.96880235055 0.0 1.0001730293104292 1.379366322305355e-06 2.094922146326249e-06 6.4727881616044984e-06 2785.138867407614 0.1 0.061648415827818 2.190643835953996e-07 2.4045457139753446e-08
45634.29951077474 0.0 1.0109822438661746 9.970943310113844e-07 2.1308189594777493e-06 6.514570873929257e-06 2838.65647712854 0.1 0.06298553045864216 2.1555330930997441e-07 2.591414645635931e-08
45116.36848886582 0.0 0.9953519816449424 1.5416655297741494e-06 2.068752475981032e-06 6.454670700611161e-06 2760.2415920428584 0.1 0.0610385786885546 2.312879856600707e-07 2.4058974254729544e-08
45463.56334648361 0.0 1.0058184923930173 1.185826357978662e-06 2.120839724574222e-06 6.464623827672542e-06 2808.8545985066526 0.1 0.06225811212005242 2.1792863900152617e-07 2.4651986124112184e-08
45389.76210857776 0.0 1.0036342563434948 1.254347005787957e-06 2.105354822719334e-06 6.485310789002428e-06 2802.2299811496987 0.1 0.06208947916919589 2.2499605716554156e-07 2.5573921744021498e-08
45400.42250251543 0.0 1.004040650740244 1.2292062219054831e-06 2.097829189055654e-06 6.494996738531224e-06 2804.993407003889 0.1 0.06215454943079118 2.2416236780858713e-07 2.5446153146516726e-08
45207.48881425751 0.0 0.9979498004182766 1.4676871210393037e-06 2.097052898000616e-06 6.477264488308631e-06 2773.2205264425215 0.1 0.06135084267775679 2.2379079756406854e-07 2.4199333546623575e-08
45273.4452217001 0.0 0.9999042666882264 1.4094672556805225e-06 2.112876468659859e-06 6.475988569372344e-06 2778.4565731163916 0.1 0.06149939338881548 2.279394916790825e-07 2.4662137930271375e-08
45334.05406113912 0.0 1.0019327622421927 1.3149746794372592e-06 2.1004900779841552e-06 6.526963458847493e-06 2794.604537921523 0.1 0.06189297502401642 2.262833492257051e-07 2.553879315232995e-08
44941.73028870183 0.0 0.9900042594731503 1.7309690503022127e-06 2.0424754223381118e-06 6.520665775122395e-06 28521.31201438519 0.1 0.6282803434043633 1.1212869935137332e-06 2.511330728941237e-08
45176.82837983494 0.0 0.9973989193433357 1.4547003178654095e-06 2.0628443185471896e-06 6.475081706355844e-06 2773.2471466839206 0.1 0.06135264646531878 2.2555594037762985e-07 2.3844806837610292e-08
45248.50665177684 0.0 0.9993552394718865 1.404412020570774e-06 2.0891957240906533e-06 6.492071457012712e-06 2781.1115258564114 0.1 0.06156575072332946 2.3230218948607437e-07 2.5524149125129582e-08
45206.60997471123 0.0 0.9981897405731123 1.4358112016717026e-06 2.0746112303257696e-06 6.488049286056559e-06 2778.767620660258 0.1 0.06149506894625045 2.2916623436416345e-07 2.5112854565583825e-08
45389.104289542265 0.0 1.003518674172903 1.2724611111069281e-06 2.1175043427242046e-06 6.51575826261348e-06 2798.80901181712 0.1 0.06201133496555998 2.276004215537955e-07 2.5851307689123182e-08
44982.31145777939 0.0 0.9912537710173297 1.6875937864822619e-06 2.0493872443680105e-06 6.4791655876870085e-06 2745.2469909215947 0.1 0.060651002026077636 2.4010791601173877e-07 2.483177131852877e-08
45275.60199805177 0.0 0.999880395967707 1.419628482757576e-06 2.122119791014442e-06 6.454214792311174e-06 2776.4878059188936 0.1 0.06145221139718089 2.2919095486581135e-07 2.4880761525244243e-08
45290.1805919446 0.0 1.001142088217689 1.335650227678929e-06 2.0843757054024916e-06 6.475383088889111e-06 74341.79558588295 0.1 1.6425260281443048 2.204373415458388e-06 2.4410426405308192e-08
45136.043334575996 0.0 0.995945615506753 1.5172672214915532e-06 2.068932272298878e-06 6.475887020455937e-06 253.12522435056778 0.1 0.006934980565633853 2.0522676621910436e-07 2.3669694876443574e-08
45283.503362543765 0.0 1.0005452604893195 1.3469071592488257e-06 2.0789926205372296e-06 6.429271143891763e-06 2786.0436370570283 0.1 0.06168035185789646 2.2189201191890022e-07 2.402058924653423e-08
45188.13914890131 0.0 0.997523565044464 1.4658938409870019e-06 2.0782588390697082e-06 6.440360044068478e-06 2770.8762967308653 0.1 0.06130086183167041 2.267860704781254e-07 2.410672551704677e-08
45204.55573105465 0.0 0.9978045615149159 1.4775880525479364e-06 2.1006492993926252e-06 6.476668687349149e-06 260.1780503750693 0.1 0.007168470232285346 2.0742024713016658e-07 2.449130322957767e-08
45311.143807252505 0.0 1.001259381094336 1.3366432169964827e-06 2.0962262759553605e-06 6.486055605652564e-06 2791.5610888661613 0.1 0.06181293748533622 2.2727927720719684e-07 2.5441527635224966e-08
45252.18801260954 0.0 0.999420723217694 1.4047943921337286e-06 2.091720764357315e-06 6.45345866129772e-06 2778.767565371993 0.1 0.06150170616790797 2.2517904854185383e-07 2.4243230205636824e-08
44780.743304061616 0.0 0.9851334518525199 1.9196757275464114e-06 2.028733996985744e-06 6.511615956001645e-06 2714.0706515903003 0.1 0.05988583667888962 2.514187833022536e-07 2.468357025464208e-08
45186.33045658573 0.0 0.9971477037190091 1.5095750713629329e-06 2.106327369869147e-06 6.440206420504729e-06 2763.5891925287606 0.1 0.061129090507180836 2.3339781248516768e-07 2.4713113313412733e-08
44838.428842931295 0.0 0.9867014798349735 1.861783056724077e-06 2.038886351484025e-06 6.4859947449323756e-06 131708.81127839093 0.1 2.8981758231401655 5.4770932518468625e-06 2.5126028444549673e-08
45394.512020538525 0.0 1.003920269695529 1.223539904983518e-06 2.0889391541757906e-06 6.5211133385491255e-06 2805.7770421203268 0.1 0.06217312968883126 2.2392033239008125e-07 2.5388360219727312e-08
45116.679707799565 0.0 0.995368520270299 1.5496799645440136e-06 2.075767568686853e-06 6.452256374773806e-06 2759.086883365323 0.1 0.061016273122490444 2.3205721615395018e-07 2.4180671724700562e-08
45097.75115612269 0.0 0.9949813219737661 1.5444966055780842e-06 2.054719681684547e-06 6.4976380276495254e-06 98452.46454913933 0.1 2.171796047258351 3.385810589625856e-06 2.5323681229947313e-08
45288.77275815275 0.0 1.0004666703177911 1.37964576409381e-06 2.106555576020243e-06 6.423607489980793e-06 2780.707069515019 0.1 0.06155963261359147 2.267686757715328e-07 2.4592430465791366e-08
45291.430160236974 0.0 1.000407855071727 1.3977535388874582e-06 2.1192046861472586e-06 6.492295027579703e-06 2781.854850147064 0.1 0.06159306497298069 2.3387592495072011e-07 2.6017761821337185e-08
45125.66812290978 0.0 0.995580742915683 1.548815712112728e-06 2.0823787470005275e-06 6.457635701816835e-06 2758.8810485093013 0.1 0.06101273707672218 2.325201371688987e-07 2.421259145698013e-08
44892.72567654389 0.0 0.9885569545141741 1.803251856119233e-06 2.050447694141078e-06 6.486596390319766e-06 2728.1669904473356 0.1 0.06024988439447739 2.488777245354239e-07 2.5036383726786724e-08
44989.385164334046 0.0 0.9914109356600204 1.6934041873666217e-06 2.0607995577852963e-06 6.470809620846216e-06 2741.2419907865788 0.1 0.06055902023593181 2.3817746048513826e-07 2.4065253696195575e-08
44655.94298760328 0.0 0.9806500452982263 2.1107675278029337e-06 2.038905544399589e-06 6.5082677309395955e-06 35604.082783236954 0.1 0.7818203051780962 1.7004522867809775e-06 2.541295879650904e-08
45423.843419113364 0.0 1.0045007242943516 1.2508240337859538e-06 2.133186833048273e-06 6.445375257413499e-06 2798.820002976181 0.1 0.06201284173577974 2.219595432228702e-07 2.4902099858653507e-08
45109.159726484584 0.0 0.9949804296837994 1.566720799785935e-06 2.078935188949594e-06 6.477356471129729e-06 258.07847665246254 0.1 0.007112803933889542 2.1172124983744207e-07 2.4646970813260846e-08
45197.05148755205 0.0 0.9978928734152469 1.4473721251448906e-06 2.074128311893867e-06 6.506335906897131e-06 2776.0816767124766 0.1 0.06143168442146495 2.3100093058368583e-07 2.5150325399578593e-08
45420.43775844448 0.0 1.0047248436870377 1.1928769806141558e-06 2.0888339333756413e-06 6.4952727770913865e-06 40188.24565316132 0.1 0.8889623293981543 1.0771115861794294e-06 2.5669604431391157e-08
45138.5346401504 0.0 0.995837422276741 1.5385869038704661e-06 2.083960900354721e-06 6.432630312606457e-06 2761.0319553651884 0.1 0.06105515577541051 2.3085426313506204e-07 2.426858574100207e-08
45149.554374127816 0.0 0.9965309482835074 1.4872515244865347e-06 2.0609901445145036e-06 6.460692285235941e-06 2768.7546154346373 0.1 0.061244487288252575 2.2578013422056707e-07 2.376669917016407e-08
45706.48511187757 0.0 1.0131084162227006 9.274070445672348e-07 2.140837891092983e-06 6.459889401743692e-06 2846.929132022616 0.1 0.06318653582821085 2.0578480730780526e-07 2.4697971365935615e-08
45028.58887805888 0.0 0.9924024888934772 1.675717086229103e-06 2.081783335184103e-06 6.485871242109289e-06 2745.2536034648665 0.1 0.06067094061011637 2.444732324262887e-07 2.5516707625710046e-08
45220.19788669932 0.0 0.9981597796270748 1.4807745012008618e-06 2.1160369480123814e-06 6.477528715941705e-06 2771.1279930637766 0.1 0.06130242835660264 2.2624957407488837e-07 2.4548011968294498e-08
45610.47328960269 0.0 1.0103291094918292 1.0053545622095929e-06 2.1165748552934534e-06 6.472488679531188e-06 69980.87094330238 0.1 1.5500107641479208 1.5586229642466237e-06 2.464655216664223e-08
45193.57374377322 0.0 0.9978080953503814 1.4507943177385828e-06 2.074388364490384e-06 6.49597218451561e-06 2774.906870581346 0.1 0.061410160819248716 2.3284214680447705e-07 2.5247902413648163e-08
44851.29934478491 0.0 0.9869263208672907 1.8610115620366298e-06 2.048220222564377e-06 6.520937624398141e-06 2721.242164923153 0.1 0.06005892103575406 2.5105479187344415e-07 2.503862677366762e-08
44928.47051590767 0.0 0.9891073743317257 1.803026581225279e-06 2.0789763653910684e-06 6.498220162097234e-06 96342.23953103612 0.1 2.1208348568353586 3.876337681412456e-06 2.5933869978517806e-08
45168.30148938614 0.0 0.9967503992205233 1.508915299814607e-06 2.089908631784607e-06 6.47593021315668e-06 252.1980416167762 0.1 0.006890943036606085 1.9828955901388178e-07 2.40546329571915e-08
45389.93836084935 0.0 1.003733885322211 1.2378732197594377e-06 2.093621154675726e-06 6.480221563432119e-06 2805.1421343344896 0.1 0.06215258527051819 2.2294157690663922e-07 2.5353973473534303e-08
45131.93335229472 0.0 0.995822066301909 1.5292665494982176e-06 2.0718476478040214e-06 6.490278576182635e-06 2764.5964474270822 0.1 0.061151712561422183 2.3611366125135e-07 2.5229073381781364e-08
45539.52991536383 0.0 1.0060938985323136 1.1356697240724025e-06 2.1172576141076793e-06 6.491607424163086e-06 58126.77586962992 0.1 1.2860620070339883 1.4788732220584277e-06 2.607984132879167e-08
45193.81655677769 0.0 0.9975012571937538 1.4911855445887547e-06 2.101412165958418e-06 6.4787068674997155e-06 2769.924475187096 0.1 0.061285864143141626 2.371291253371697e-07 2.5783430401177682e-08
45633.00105154175 0.0 1.0108362555221884 1.029447038295169e-06 2.153523213125258e-06 6.483732436187582e-06 2834.05901122629 0.1 0.06288476137862921 2.1835313200023164e-07 2.630964006532955e-08
44969.8868613124 0.0 0.9907324266306753 1.7183744942047517e-06 2.0578713596853007e-06 6.4814991376334115e-06 264.75077906541486 0.1 0.0073597137937056155 2.2569304970797285e-07 2.526795333143352e-08
45367.97525962697 0.0 1.0030787273641988 1.2601379601878298e-06 2.091766410952956e-06 6.470966495488382e-06 2799.808702311643 0.1 0.06201923746474778 2.1783234000547173e-07 2.4149399632245682e-08
45164.94893145747 0.0 0.9965698076307802 1.5311776211965767e-06 2.10307039144805e-06 6.507099598758407e-06 2763.166737191323 0.1 0.061134236239464304 2.403481354244225e-07 2.5893216428226653e-08
45136.88726133222 0.0 0.9956232706960134 1.559258311255439e-06 2.0960449478924826e-06 6.477300310931894e-06 23540.274909038977 0.1 0.519170661464015 8.416919935761731e-07 2.433155400410376e-08
44795.06331416733 0.0 0.9850845570468492 1.9246886307143495e-06 2.039089079891525e-06 6.4339320810249275e-06 2711.638073211512 0.1 0.059804460726532595 2.4657207311118437e-07 2.375555096104914e-08
45042.453282258924 0.0 0.9930844836913576 1.6330143689282409e-06 2.066207568163368e-06 6.457045198008723e-06 2748.9364151165805 0.1 0.06075579615042003 2.346741098312342e-07 2.404774446198334e-08
45018.87470737317 0.0 0.9924351045947936 1.6323134201346111e-06 2.04442588142453e-06 6.5276351753293884e-06 32478.593260857 0.1 0.7159539993293942 1.1987873669451672e-06 2.5161524515094378e-08
45612.27393680095 0.0 1.0102822786513699 1.0316136925224024e-06 2.13749045420677e-06 6.477019454374754e-06 250.96870891763365 0.1 0.006749304508623813 1.8864069113756931e-07 2.41563956453642e-08
45459.19063954843 0.0 1.0057226425066563 1.1834156391612252e-06 2.1159354744364143e-06 6.514434452418064e-06 2811.5262834484975 0.1 0.062317617877188224 2.2324562443444497e-07 2.5765989963126122e-08
45209.012841686905 0.0 0.9981195512955252 1.4511942018016286e-06 2.0869871239190037e-06 6.456088288759456e-06 2771.561293958906 0.1 0.061325375791070794 2.300582002393404e-07 2.440029581801365e-08
45154.524861318256 0.0 0.996315648243627 1.5211717851987042e-06 2.0873254379763848e-06 6.4767181974248675e-06 9083.677489459711 0.1 0.20073560499085466 3.653353090639486e-07 2.453812551938218e-08
45011.14692059112 0.0 0.9922628552364123 1.6512820564893835e-06 2.052538062299146e-06 6.5004181658527235e-06 182447.1881861189 0.1 4.021376183135288 6.710107257550891e-06 2.5296981168140664e-08
45206.70734708984 0.0 0.9979142739984426 1.4738699933732528e-06 2.1004112808905633e-06 6.479253453661458e-06 2772.0614665154044 0.1 0.061341185429913306 2.3587028434072017e-07 2.568848251604082e-08
45246.82974503574 0.0 0.9990862088504966 1.4352820757473233e-06 2.1079296561166226e-06 6.452378493720285e-06 2773.761101647081 0.1 0.0613844790451982 2.2887906459715046e-07 2.4557135312976797e-08
45304.79123834278 0.0 1.0009489655933506 1.3621986441889485e-06 2.1080237139104324e-06 6.4760204677230385e-06 2788.379502985804 0.1 0.061726312851977834 2.1822215894395421e-07 2.4266887282233537e-08
45603.18435571963 0.0 1.0099792090198692 1.0492852486990911e-06 2.142473358212683e-06 6.481412606297757e-06 2830.91304359169 0.1 0.06280301172472227 2.1975602896302698e-07 2.621270017300549e-08
45190.479866100555 0.0 0.9974334404475834 1.4878246359331742e-06 2.094558168002648e-06 6.484061048092627e-06 2770.15209887403 0.1 0.0612898690865773 2.3651669408759785e-07 2.565873971492782e-08
45339.72290354013 0.0 1.002106436045013 1.3100768752847528e-06 2.101740821973453e-06 6.4750726934083605e-06 2792.1772739627063 0.1 0.06183765149671922 2.2178104538389116e-07 2.4348415653939926e-08
45313.64492344835 0.0 1.001291502215129 1.3413629011657512e-06 2.1003753325772793e-06 6.448130520693666e-06 2786.986736432392 0.1 0.06171039146928683 2.231948070617418e-07 2.436033569529218e-08
45101.048333302424 0.0 0.9947790619797205 1.576536727494673e-06 2.0793397609427887e-06 6.490625995664509e-06 2758.0542985710194 0.1 0.06098686975475329 2.3886986745479853e-07 2.5326967419733732e-08
45174.32534324624 0.0 0.9966746524253847 1.5360114975035432e-06 2.1126246310663485e-06 6.430519687699149e-06 2760.5262372080806 0.1 0.06105237719996559 2.3344373264600385e-07 2.4729751282631476e-08
45554.48122296728 0.0 1.0085781605306807 1.0856183165300486e-06 2.1271311977243914e-06 6.505875976360457e-06 2825.8308115511854 0.1 0.06267086121743819 2.1906226400931518e-07 2.5886450564865655e-08
